2019/12/05-16:42:24.872215 7f2c19d59700 RocksDB version: 5.18.3
2019/12/05-16:42:24.872307 7f2c19d59700 Git sha rocksdb_build_git_sha:641fae60f63619ed5d0c9d9e4c4ea5a0ffa3e253
2019/12/05-16:42:24.872313 7f2c19d59700 Compile date Dec  4 2019
2019/12/05-16:42:24.872316 7f2c19d59700 DB SUMMARY
2019/12/05-16:42:24.872394 7f2c19d59700 CURRENT file:  CURRENT
2019/12/05-16:42:24.872396 7f2c19d59700 IDENTITY file:  IDENTITY
2019/12/05-16:42:24.872400 7f2c19d59700 MANIFEST file:  MANIFEST-000410 size: 3054 Bytes
2019/12/05-16:42:24.872402 7f2c19d59700 SST files in ./data dir, Total Num: 18, files: 000338.sst 000351.sst 000376.sst 000377.sst 000378.sst 000383.sst 000385.sst 000386.sst 000395.sst 
2019/12/05-16:42:24.872404 7f2c19d59700 Write Ahead Log file in ./data: 000417.log size: 3328 ; 
2019/12/05-16:42:24.872406 7f2c19d59700                         Options.error_if_exists: 0
2019/12/05-16:42:24.872408 7f2c19d59700                       Options.create_if_missing: 1
2019/12/05-16:42:24.872409 7f2c19d59700                         Options.paranoid_checks: 1
2019/12/05-16:42:24.872410 7f2c19d59700                                     Options.env: 0x199e4a0
2019/12/05-16:42:24.872411 7f2c19d59700                                Options.info_log: 0x7f2bf80091a0
2019/12/05-16:42:24.872412 7f2c19d59700                Options.max_file_opening_threads: 16
2019/12/05-16:42:24.872414 7f2c19d59700                              Options.statistics: (nil)
2019/12/05-16:42:24.872416 7f2c19d59700                               Options.use_fsync: 0
2019/12/05-16:42:24.872417 7f2c19d59700                       Options.max_log_file_size: 0
2019/12/05-16:42:24.872418 7f2c19d59700                  Options.max_manifest_file_size: 1073741824
2019/12/05-16:42:24.872420 7f2c19d59700                   Options.log_file_time_to_roll: 0
2019/12/05-16:42:24.872421 7f2c19d59700                       Options.keep_log_file_num: 1000
2019/12/05-16:42:24.872422 7f2c19d59700                    Options.recycle_log_file_num: 0
2019/12/05-16:42:24.872423 7f2c19d59700                         Options.allow_fallocate: 1
2019/12/05-16:42:24.872424 7f2c19d59700                        Options.allow_mmap_reads: 0
2019/12/05-16:42:24.872426 7f2c19d59700                       Options.allow_mmap_writes: 0
2019/12/05-16:42:24.872426 7f2c19d59700                        Options.use_direct_reads: 0
2019/12/05-16:42:24.872427 7f2c19d59700                        Options.use_direct_io_for_flush_and_compaction: 0
2019/12/05-16:42:24.872428 7f2c19d59700          Options.create_missing_column_families: 1
2019/12/05-16:42:24.872429 7f2c19d59700                              Options.db_log_dir: 
2019/12/05-16:42:24.872430 7f2c19d59700                                 Options.wal_dir: ./data
2019/12/05-16:42:24.872432 7f2c19d59700                Options.table_cache_numshardbits: 6
2019/12/05-16:42:24.872433 7f2c19d59700                      Options.max_subcompactions: 1
2019/12/05-16:42:24.872434 7f2c19d59700                  Options.max_background_flushes: 6
2019/12/05-16:42:24.872435 7f2c19d59700                         Options.WAL_ttl_seconds: 0
2019/12/05-16:42:24.872436 7f2c19d59700                       Options.WAL_size_limit_MB: 0
2019/12/05-16:42:24.872437 7f2c19d59700             Options.manifest_preallocation_size: 4194304
2019/12/05-16:42:24.872438 7f2c19d59700                     Options.is_fd_close_on_exec: 1
2019/12/05-16:42:24.872439 7f2c19d59700                   Options.advise_random_on_open: 1
2019/12/05-16:42:24.872440 7f2c19d59700                    Options.db_write_buffer_size: 0
2019/12/05-16:42:24.872441 7f2c19d59700                    Options.write_buffer_manager: 0x7f2bf8008d10
2019/12/05-16:42:24.872442 7f2c19d59700         Options.access_hint_on_compaction_start: 1
2019/12/05-16:42:24.872443 7f2c19d59700  Options.new_table_reader_for_compaction_inputs: 0
2019/12/05-16:42:24.872444 7f2c19d59700           Options.random_access_max_buffer_size: 1048576
2019/12/05-16:42:24.872445 7f2c19d59700                      Options.use_adaptive_mutex: 0
2019/12/05-16:42:24.872446 7f2c19d59700                            Options.rate_limiter: (nil)
2019/12/05-16:42:24.872456 7f2c19d59700     Options.sst_file_manager.rate_bytes_per_sec: 0
2019/12/05-16:42:24.872458 7f2c19d59700                       Options.wal_recovery_mode: 2
2019/12/05-16:42:24.872459 7f2c19d59700                  Options.enable_thread_tracking: 0
2019/12/05-16:42:24.872460 7f2c19d59700                  Options.enable_pipelined_write: 0
2019/12/05-16:42:24.872461 7f2c19d59700         Options.allow_concurrent_memtable_write: 1
2019/12/05-16:42:24.872462 7f2c19d59700      Options.enable_write_thread_adaptive_yield: 1
2019/12/05-16:42:24.872463 7f2c19d59700             Options.write_thread_max_yield_usec: 100
2019/12/05-16:42:24.872464 7f2c19d59700            Options.write_thread_slow_yield_usec: 3
2019/12/05-16:42:24.872465 7f2c19d59700                               Options.row_cache: None
2019/12/05-16:42:24.872466 7f2c19d59700                              Options.wal_filter: None
2019/12/05-16:42:24.872467 7f2c19d59700             Options.avoid_flush_during_recovery: 0
2019/12/05-16:42:24.872468 7f2c19d59700             Options.allow_ingest_behind: 0
2019/12/05-16:42:24.872469 7f2c19d59700             Options.preserve_deletes: 0
2019/12/05-16:42:24.872470 7f2c19d59700             Options.two_write_queues: 0
2019/12/05-16:42:24.872471 7f2c19d59700             Options.manual_wal_flush: 0
2019/12/05-16:42:24.872472 7f2c19d59700             Options.max_background_jobs: 2
2019/12/05-16:42:24.872473 7f2c19d59700             Options.max_background_compactions: 6
2019/12/05-16:42:24.872474 7f2c19d59700             Options.avoid_flush_during_shutdown: 0
2019/12/05-16:42:24.872475 7f2c19d59700           Options.writable_file_max_buffer_size: 1048576
2019/12/05-16:42:24.872476 7f2c19d59700             Options.delayed_write_rate : 16777216
2019/12/05-16:42:24.872477 7f2c19d59700             Options.max_total_wal_size: 0
2019/12/05-16:42:24.872478 7f2c19d59700             Options.delete_obsolete_files_period_micros: 21600000000
2019/12/05-16:42:24.872479 7f2c19d59700                   Options.stats_dump_period_sec: 600
2019/12/05-16:42:24.872480 7f2c19d59700                          Options.max_open_files: 1024
2019/12/05-16:42:24.872482 7f2c19d59700                          Options.bytes_per_sync: 8388608
2019/12/05-16:42:24.872483 7f2c19d59700                      Options.wal_bytes_per_sync: 0
2019/12/05-16:42:24.872484 7f2c19d59700       Options.compaction_readahead_size: 0
2019/12/05-16:42:24.872485 7f2c19d59700 Compression algorithms supported:
2019/12/05-16:42:24.872486 7f2c19d59700 	kZSTDNotFinalCompression supported: 0
2019/12/05-16:42:24.872488 7f2c19d59700 	kZSTD supported: 0
2019/12/05-16:42:24.872489 7f2c19d59700 	kXpressCompression supported: 0
2019/12/05-16:42:24.872490 7f2c19d59700 	kLZ4HCCompression supported: 1
2019/12/05-16:42:24.872491 7f2c19d59700 	kLZ4Compression supported: 1
2019/12/05-16:42:24.872493 7f2c19d59700 	kBZip2Compression supported: 1
2019/12/05-16:42:24.872494 7f2c19d59700 	kZlibCompression supported: 1
2019/12/05-16:42:24.872495 7f2c19d59700 	kSnappyCompression supported: 1
2019/12/05-16:42:24.872497 7f2c19d59700 Fast CRC32 supported: Supported on x86
2019/12/05-16:42:24.872688 7f2c19d59700 [/version_set.cc:3508] Recovering from manifest file: MANIFEST-000410
2019/12/05-16:42:24.872742 7f2c19d59700 [/column_family.cc:474] --------------- Options for column family [default]:
2019/12/05-16:42:24.872744 7f2c19d59700               Options.comparator: leveldb.BytewiseComparator
2019/12/05-16:42:24.872745 7f2c19d59700           Options.merge_operator: None
2019/12/05-16:42:24.872746 7f2c19d59700        Options.compaction_filter: None
2019/12/05-16:42:24.872747 7f2c19d59700        Options.compaction_filter_factory: None
2019/12/05-16:42:24.872748 7f2c19d59700         Options.memtable_factory: SkipListFactory
2019/12/05-16:42:24.872750 7f2c19d59700            Options.table_factory: BlockBasedTable
2019/12/05-16:42:24.872778 7f2c19d59700            table_factory options:   flush_block_policy_factory: FlushBlockBySizePolicyFactory (0x7f2bf800a380)
  cache_index_and_filter_blocks: 0
  cache_index_and_filter_blocks_with_high_priority: 0
  pin_l0_filter_and_index_blocks_in_cache: 0
  pin_top_level_index_and_filter: 1
  index_type: 0
  hash_index_allow_collision: 1
  checksum: 1
  no_block_cache: 0
  block_cache: 0x7f2bf8000c90
  block_cache_name: LRUCache
  block_cache_options:
    capacity : 536870912
    num_shard_bits : 6
    strict_capacity_limit : 0
    memory_allocator : None
    high_pri_pool_ratio: 0.000
  block_cache_compressed: (nil)
  persistent_cache: (nil)
  block_size: 32768
  block_size_deviation: 10
  block_restart_interval: 16
  index_block_restart_interval: 1
  metadata_block_size: 4096
  partition_filters: 0
  use_delta_encoding: 1
  filter_policy: rocksdb.BuiltinBloomFilter
  whole_key_filtering: 1
  verify_compression: 0
  read_amp_bytes_per_bit: 0
  format_version: 4
  enable_index_compression: 1
  block_align: 0
2019/12/05-16:42:24.872788 7f2c19d59700        Options.write_buffer_size: 134217728
2019/12/05-16:42:24.872789 7f2c19d59700  Options.max_write_buffer_number: 2
2019/12/05-16:42:24.872792 7f2c19d59700          Options.compression: LZ4HC
2019/12/05-16:42:24.872793 7f2c19d59700                  Options.bottommost_compression: Disabled
2019/12/05-16:42:24.872794 7f2c19d59700       Options.prefix_extractor: nullptr
2019/12/05-16:42:24.872795 7f2c19d59700   Options.memtable_insert_with_hint_prefix_extractor: nullptr
2019/12/05-16:42:24.872796 7f2c19d59700             Options.num_levels: 7
2019/12/05-16:42:24.872797 7f2c19d59700        Options.min_write_buffer_number_to_merge: 1
2019/12/05-16:42:24.872799 7f2c19d59700     Options.max_write_buffer_number_to_maintain: 0
2019/12/05-16:42:24.872800 7f2c19d59700            Options.bottommost_compression_opts.window_bits: -14
2019/12/05-16:42:24.872801 7f2c19d59700                  Options.bottommost_compression_opts.level: 32767
2019/12/05-16:42:24.872802 7f2c19d59700               Options.bottommost_compression_opts.strategy: 0
2019/12/05-16:42:24.872803 7f2c19d59700         Options.bottommost_compression_opts.max_dict_bytes: 0
2019/12/05-16:42:24.872804 7f2c19d59700         Options.bottommost_compression_opts.zstd_max_train_bytes: 0
2019/12/05-16:42:24.872805 7f2c19d59700                  Options.bottommost_compression_opts.enabled: false
2019/12/05-16:42:24.872806 7f2c19d59700            Options.compression_opts.window_bits: -14
2019/12/05-16:42:24.872807 7f2c19d59700                  Options.compression_opts.level: 32767
2019/12/05-16:42:24.872808 7f2c19d59700               Options.compression_opts.strategy: 0
2019/12/05-16:42:24.872809 7f2c19d59700         Options.compression_opts.max_dict_bytes: 0
2019/12/05-16:42:24.872810 7f2c19d59700         Options.compression_opts.zstd_max_train_bytes: 0
2019/12/05-16:42:24.872811 7f2c19d59700                  Options.compression_opts.enabled: false
2019/12/05-16:42:24.872812 7f2c19d59700      Options.level0_file_num_compaction_trigger: 4
2019/12/05-16:42:24.872813 7f2c19d59700          Options.level0_slowdown_writes_trigger: 20
2019/12/05-16:42:24.872814 7f2c19d59700              Options.level0_stop_writes_trigger: 36
2019/12/05-16:42:24.872815 7f2c19d59700                   Options.target_file_size_base: 67108864
2019/12/05-16:42:24.872816 7f2c19d59700             Options.target_file_size_multiplier: 1
2019/12/05-16:42:24.872817 7f2c19d59700                Options.max_bytes_for_level_base: 134217728
2019/12/05-16:42:24.872818 7f2c19d59700 Options.level_compaction_dynamic_level_bytes: 0
2019/12/05-16:42:24.872819 7f2c19d59700          Options.max_bytes_for_level_multiplier: 10.000000
2019/12/05-16:42:24.872822 7f2c19d59700 Options.max_bytes_for_level_multiplier_addtl[0]: 1
2019/12/05-16:42:24.872823 7f2c19d59700 Options.max_bytes_for_level_multiplier_addtl[1]: 1
2019/12/05-16:42:24.872824 7f2c19d59700 Options.max_bytes_for_level_multiplier_addtl[2]: 1
2019/12/05-16:42:24.872825 7f2c19d59700 Options.max_bytes_for_level_multiplier_addtl[3]: 1
2019/12/05-16:42:24.872826 7f2c19d59700 Options.max_bytes_for_level_multiplier_addtl[4]: 1
2019/12/05-16:42:24.872827 7f2c19d59700 Options.max_bytes_for_level_multiplier_addtl[5]: 1
2019/12/05-16:42:24.872832 7f2c19d59700 Options.max_bytes_for_level_multiplier_addtl[6]: 1
2019/12/05-16:42:24.872833 7f2c19d59700       Options.max_sequential_skip_in_iterations: 8
2019/12/05-16:42:24.872834 7f2c19d59700                    Options.max_compaction_bytes: 1677721600
2019/12/05-16:42:24.872835 7f2c19d59700                        Options.arena_block_size: 16777216
2019/12/05-16:42:24.872836 7f2c19d59700   Options.soft_pending_compaction_bytes_limit: 68719476736
2019/12/05-16:42:24.872838 7f2c19d59700   Options.hard_pending_compaction_bytes_limit: 274877906944
2019/12/05-16:42:24.872839 7f2c19d59700       Options.rate_limit_delay_max_milliseconds: 100
2019/12/05-16:42:24.872840 7f2c19d59700                Options.disable_auto_compactions: 0
2019/12/05-16:42:24.872842 7f2c19d59700                        Options.compaction_style: kCompactionStyleLevel
2019/12/05-16:42:24.872844 7f2c19d59700                          Options.compaction_pri: kByCompensatedSize
2019/12/05-16:42:24.872845 7f2c19d59700 Options.compaction_options_universal.size_ratio: 1
2019/12/05-16:42:24.872846 7f2c19d59700 Options.compaction_options_universal.min_merge_width: 2
2019/12/05-16:42:24.872847 7f2c19d59700 Options.compaction_options_universal.max_merge_width: 4294967295
2019/12/05-16:42:24.872848 7f2c19d59700 Options.compaction_options_universal.max_size_amplification_percent: 200
2019/12/05-16:42:24.872849 7f2c19d59700 Options.compaction_options_universal.compression_size_percent: -1
2019/12/05-16:42:24.872851 7f2c19d59700 Options.compaction_options_universal.stop_style: kCompactionStopStyleTotalSize
2019/12/05-16:42:24.872852 7f2c19d59700 Options.compaction_options_fifo.max_table_files_size: 1073741824
2019/12/05-16:42:24.872853 7f2c19d59700 Options.compaction_options_fifo.allow_compaction: 0
2019/12/05-16:42:24.872854 7f2c19d59700 Options.compaction_options_fifo.ttl: 0
2019/12/05-16:42:24.872855 7f2c19d59700                   Options.table_properties_collectors: 
2019/12/05-16:42:24.872856 7f2c19d59700                   Options.inplace_update_support: 0
2019/12/05-16:42:24.872857 7f2c19d59700                 Options.inplace_update_num_locks: 10000
2019/12/05-16:42:24.872858 7f2c19d59700               Options.memtable_prefix_bloom_size_ratio: 0.000000
2019/12/05-16:42:24.872859 7f2c19d59700   Options.memtable_huge_page_size: 0
2019/12/05-16:42:24.872860 7f2c19d59700                           Options.bloom_locality: 0
2019/12/05-16:42:24.872861 7f2c19d59700                    Options.max_successive_merges: 0
2019/12/05-16:42:24.872862 7f2c19d59700                Options.optimize_filters_for_hits: 0
2019/12/05-16:42:24.872863 7f2c19d59700                Options.paranoid_file_checks: 0
2019/12/05-16:42:24.872864 7f2c19d59700                Options.force_consistency_checks: 0
2019/12/05-16:42:24.872865 7f2c19d59700                Options.report_bg_io_stats: 0
2019/12/05-16:42:24.872866 7f2c19d59700                               Options.ttl: 0
2019/12/05-16:42:24.872929 7f2c19d59700 [/column_family.cc:474] --------------- Options for column family [height]:
2019/12/05-16:42:24.872932 7f2c19d59700               Options.comparator: leveldb.BytewiseComparator
2019/12/05-16:42:24.872933 7f2c19d59700           Options.merge_operator: None
2019/12/05-16:42:24.872934 7f2c19d59700        Options.compaction_filter: None
2019/12/05-16:42:24.872935 7f2c19d59700        Options.compaction_filter_factory: None
2019/12/05-16:42:24.872936 7f2c19d59700         Options.memtable_factory: SkipListFactory
2019/12/05-16:42:24.872937 7f2c19d59700            Options.table_factory: BlockBasedTable
2019/12/05-16:42:24.872954 7f2c19d59700            table_factory options:   flush_block_policy_factory: FlushBlockBySizePolicyFactory (0x7f2bf800a380)
  cache_index_and_filter_blocks: 0
  cache_index_and_filter_blocks_with_high_priority: 0
  pin_l0_filter_and_index_blocks_in_cache: 0
  pin_top_level_index_and_filter: 1
  index_type: 0
  hash_index_allow_collision: 1
  checksum: 1
  no_block_cache: 0
  block_cache: 0x7f2bf8000c90
  block_cache_name: LRUCache
  block_cache_options:
    capacity : 536870912
    num_shard_bits : 6
    strict_capacity_limit : 0
    memory_allocator : None
    high_pri_pool_ratio: 0.000
  block_cache_compressed: (nil)
  persistent_cache: (nil)
  block_size: 32768
  block_size_deviation: 10
  block_restart_interval: 16
  index_block_restart_interval: 1
  metadata_block_size: 4096
  partition_filters: 0
  use_delta_encoding: 1
  filter_policy: rocksdb.BuiltinBloomFilter
  whole_key_filtering: 1
  verify_compression: 0
  read_amp_bytes_per_bit: 0
  format_version: 4
  enable_index_compression: 1
  block_align: 0
2019/12/05-16:42:24.872963 7f2c19d59700        Options.write_buffer_size: 134217728
2019/12/05-16:42:24.872964 7f2c19d59700  Options.max_write_buffer_number: 2
2019/12/05-16:42:24.872965 7f2c19d59700          Options.compression: LZ4HC
2019/12/05-16:42:24.872966 7f2c19d59700                  Options.bottommost_compression: Disabled
2019/12/05-16:42:24.872967 7f2c19d59700       Options.prefix_extractor: nullptr
2019/12/05-16:42:24.872969 7f2c19d59700   Options.memtable_insert_with_hint_prefix_extractor: nullptr
2019/12/05-16:42:24.872970 7f2c19d59700             Options.num_levels: 7
2019/12/05-16:42:24.872971 7f2c19d59700        Options.min_write_buffer_number_to_merge: 1
2019/12/05-16:42:24.872972 7f2c19d59700     Options.max_write_buffer_number_to_maintain: 0
2019/12/05-16:42:24.872973 7f2c19d59700            Options.bottommost_compression_opts.window_bits: -14
2019/12/05-16:42:24.872974 7f2c19d59700                  Options.bottommost_compression_opts.level: 32767
2019/12/05-16:42:24.872975 7f2c19d59700               Options.bottommost_compression_opts.strategy: 0
2019/12/05-16:42:24.872976 7f2c19d59700         Options.bottommost_compression_opts.max_dict_bytes: 0
2019/12/05-16:42:24.872977 7f2c19d59700         Options.bottommost_compression_opts.zstd_max_train_bytes: 0
2019/12/05-16:42:24.872978 7f2c19d59700                  Options.bottommost_compression_opts.enabled: false
2019/12/05-16:42:24.872979 7f2c19d59700            Options.compression_opts.window_bits: -14
2019/12/05-16:42:24.872980 7f2c19d59700                  Options.compression_opts.level: 32767
2019/12/05-16:42:24.872981 7f2c19d59700               Options.compression_opts.strategy: 0
2019/12/05-16:42:24.872982 7f2c19d59700         Options.compression_opts.max_dict_bytes: 0
2019/12/05-16:42:24.872983 7f2c19d59700         Options.compression_opts.zstd_max_train_bytes: 0
2019/12/05-16:42:24.872984 7f2c19d59700                  Options.compression_opts.enabled: false
2019/12/05-16:42:24.872985 7f2c19d59700      Options.level0_file_num_compaction_trigger: 4
2019/12/05-16:42:24.872986 7f2c19d59700          Options.level0_slowdown_writes_trigger: 20
2019/12/05-16:42:24.872987 7f2c19d59700              Options.level0_stop_writes_trigger: 36
2019/12/05-16:42:24.872988 7f2c19d59700                   Options.target_file_size_base: 67108864
2019/12/05-16:42:24.872989 7f2c19d59700             Options.target_file_size_multiplier: 1
2019/12/05-16:42:24.872990 7f2c19d59700                Options.max_bytes_for_level_base: 134217728
2019/12/05-16:42:24.872991 7f2c19d59700 Options.level_compaction_dynamic_level_bytes: 0
2019/12/05-16:42:24.872992 7f2c19d59700          Options.max_bytes_for_level_multiplier: 10.000000
2019/12/05-16:42:24.872993 7f2c19d59700 Options.max_bytes_for_level_multiplier_addtl[0]: 1
2019/12/05-16:42:24.872995 7f2c19d59700 Options.max_bytes_for_level_multiplier_addtl[1]: 1
2019/12/05-16:42:24.872996 7f2c19d59700 Options.max_bytes_for_level_multiplier_addtl[2]: 1
2019/12/05-16:42:24.872997 7f2c19d59700 Options.max_bytes_for_level_multiplier_addtl[3]: 1
2019/12/05-16:42:24.872998 7f2c19d59700 Options.max_bytes_for_level_multiplier_addtl[4]: 1
2019/12/05-16:42:24.872999 7f2c19d59700 Options.max_bytes_for_level_multiplier_addtl[5]: 1
2019/12/05-16:42:24.873001 7f2c19d59700 Options.max_bytes_for_level_multiplier_addtl[6]: 1
2019/12/05-16:42:24.873002 7f2c19d59700       Options.max_sequential_skip_in_iterations: 8
2019/12/05-16:42:24.873004 7f2c19d59700                    Options.max_compaction_bytes: 1677721600
2019/12/05-16:42:24.873011 7f2c19d59700                        Options.arena_block_size: 16777216
2019/12/05-16:42:24.873013 7f2c19d59700   Options.soft_pending_compaction_bytes_limit: 68719476736
2019/12/05-16:42:24.873014 7f2c19d59700   Options.hard_pending_compaction_bytes_limit: 274877906944
2019/12/05-16:42:24.873015 7f2c19d59700       Options.rate_limit_delay_max_milliseconds: 100
2019/12/05-16:42:24.873016 7f2c19d59700                Options.disable_auto_compactions: 0
2019/12/05-16:42:24.873018 7f2c19d59700                        Options.compaction_style: kCompactionStyleLevel
2019/12/05-16:42:24.873019 7f2c19d59700                          Options.compaction_pri: kByCompensatedSize
2019/12/05-16:42:24.873020 7f2c19d59700 Options.compaction_options_universal.size_ratio: 1
2019/12/05-16:42:24.873021 7f2c19d59700 Options.compaction_options_universal.min_merge_width: 2
2019/12/05-16:42:24.873022 7f2c19d59700 Options.compaction_options_universal.max_merge_width: 4294967295
2019/12/05-16:42:24.873023 7f2c19d59700 Options.compaction_options_universal.max_size_amplification_percent: 200
2019/12/05-16:42:24.873024 7f2c19d59700 Options.compaction_options_universal.compression_size_percent: -1
2019/12/05-16:42:24.873026 7f2c19d59700 Options.compaction_options_universal.stop_style: kCompactionStopStyleTotalSize
2019/12/05-16:42:24.873027 7f2c19d59700 Options.compaction_options_fifo.max_table_files_size: 1073741824
2019/12/05-16:42:24.873028 7f2c19d59700 Options.compaction_options_fifo.allow_compaction: 0
2019/12/05-16:42:24.873029 7f2c19d59700 Options.compaction_options_fifo.ttl: 0
2019/12/05-16:42:24.873030 7f2c19d59700                   Options.table_properties_collectors: 
2019/12/05-16:42:24.873031 7f2c19d59700                   Options.inplace_update_support: 0
2019/12/05-16:42:24.873032 7f2c19d59700                 Options.inplace_update_num_locks: 10000
2019/12/05-16:42:24.873033 7f2c19d59700               Options.memtable_prefix_bloom_size_ratio: 0.000000
2019/12/05-16:42:24.873035 7f2c19d59700   Options.memtable_huge_page_size: 0
2019/12/05-16:42:24.873037 7f2c19d59700                           Options.bloom_locality: 0
2019/12/05-16:42:24.873038 7f2c19d59700                    Options.max_successive_merges: 0
2019/12/05-16:42:24.873040 7f2c19d59700                Options.optimize_filters_for_hits: 0
2019/12/05-16:42:24.873041 7f2c19d59700                Options.paranoid_file_checks: 0
2019/12/05-16:42:24.873042 7f2c19d59700                Options.force_consistency_checks: 0
2019/12/05-16:42:24.873043 7f2c19d59700                Options.report_bg_io_stats: 0
2019/12/05-16:42:24.873044 7f2c19d59700                               Options.ttl: 0
2019/12/05-16:42:24.873119 7f2c19d59700 [/column_family.cc:474] --------------- Options for column family [addresses]:
2019/12/05-16:42:24.873121 7f2c19d59700               Options.comparator: leveldb.BytewiseComparator
2019/12/05-16:42:24.873122 7f2c19d59700           Options.merge_operator: None
2019/12/05-16:42:24.873123 7f2c19d59700        Options.compaction_filter: None
2019/12/05-16:42:24.873124 7f2c19d59700        Options.compaction_filter_factory: None
2019/12/05-16:42:24.873125 7f2c19d59700         Options.memtable_factory: SkipListFactory
2019/12/05-16:42:24.873126 7f2c19d59700            Options.table_factory: BlockBasedTable
2019/12/05-16:42:24.873143 7f2c19d59700            table_factory options:   flush_block_policy_factory: FlushBlockBySizePolicyFactory (0x7f2bf800a140)
  cache_index_and_filter_blocks: 0
  cache_index_and_filter_blocks_with_high_priority: 0
  pin_l0_filter_and_index_blocks_in_cache: 0
  pin_top_level_index_and_filter: 1
  index_type: 0
  hash_index_allow_collision: 1
  checksum: 1
  no_block_cache: 0
  block_cache: 0x7f2bf8000c90
  block_cache_name: LRUCache
  block_cache_options:
    capacity : 536870912
    num_shard_bits : 6
    strict_capacity_limit : 0
    memory_allocator : None
    high_pri_pool_ratio: 0.000
  block_cache_compressed: (nil)
  persistent_cache: (nil)
  block_size: 32768
  block_size_deviation: 10
  block_restart_interval: 16
  index_block_restart_interval: 1
  metadata_block_size: 4096
  partition_filters: 0
  use_delta_encoding: 1
  filter_policy: nullptr
  whole_key_filtering: 1
  verify_compression: 0
  read_amp_bytes_per_bit: 0
  format_version: 4
  enable_index_compression: 1
  block_align: 0
2019/12/05-16:42:24.873151 7f2c19d59700        Options.write_buffer_size: 134217728
2019/12/05-16:42:24.873152 7f2c19d59700  Options.max_write_buffer_number: 2
2019/12/05-16:42:24.873154 7f2c19d59700          Options.compression: LZ4HC
2019/12/05-16:42:24.873155 7f2c19d59700                  Options.bottommost_compression: Disabled
2019/12/05-16:42:24.873156 7f2c19d59700       Options.prefix_extractor: nullptr
2019/12/05-16:42:24.873157 7f2c19d59700   Options.memtable_insert_with_hint_prefix_extractor: nullptr
2019/12/05-16:42:24.873158 7f2c19d59700             Options.num_levels: 7
2019/12/05-16:42:24.873159 7f2c19d59700        Options.min_write_buffer_number_to_merge: 1
2019/12/05-16:42:24.873160 7f2c19d59700     Options.max_write_buffer_number_to_maintain: 0
2019/12/05-16:42:24.873161 7f2c19d59700            Options.bottommost_compression_opts.window_bits: -14
2019/12/05-16:42:24.873162 7f2c19d59700                  Options.bottommost_compression_opts.level: 32767
2019/12/05-16:42:24.873163 7f2c19d59700               Options.bottommost_compression_opts.strategy: 0
2019/12/05-16:42:24.873164 7f2c19d59700         Options.bottommost_compression_opts.max_dict_bytes: 0
2019/12/05-16:42:24.873165 7f2c19d59700         Options.bottommost_compression_opts.zstd_max_train_bytes: 0
2019/12/05-16:42:24.873166 7f2c19d59700                  Options.bottommost_compression_opts.enabled: false
2019/12/05-16:42:24.873167 7f2c19d59700            Options.compression_opts.window_bits: -14
2019/12/05-16:42:24.873168 7f2c19d59700                  Options.compression_opts.level: 32767
2019/12/05-16:42:24.873168 7f2c19d59700               Options.compression_opts.strategy: 0
2019/12/05-16:42:24.873170 7f2c19d59700         Options.compression_opts.max_dict_bytes: 0
2019/12/05-16:42:24.873171 7f2c19d59700         Options.compression_opts.zstd_max_train_bytes: 0
2019/12/05-16:42:24.873172 7f2c19d59700                  Options.compression_opts.enabled: false
2019/12/05-16:42:24.873173 7f2c19d59700      Options.level0_file_num_compaction_trigger: 4
2019/12/05-16:42:24.873174 7f2c19d59700          Options.level0_slowdown_writes_trigger: 20
2019/12/05-16:42:24.873175 7f2c19d59700              Options.level0_stop_writes_trigger: 36
2019/12/05-16:42:24.873176 7f2c19d59700                   Options.target_file_size_base: 67108864
2019/12/05-16:42:24.873177 7f2c19d59700             Options.target_file_size_multiplier: 1
2019/12/05-16:42:24.873178 7f2c19d59700                Options.max_bytes_for_level_base: 134217728
2019/12/05-16:42:24.873179 7f2c19d59700 Options.level_compaction_dynamic_level_bytes: 0
2019/12/05-16:42:24.873180 7f2c19d59700          Options.max_bytes_for_level_multiplier: 10.000000
2019/12/05-16:42:24.873181 7f2c19d59700 Options.max_bytes_for_level_multiplier_addtl[0]: 1
2019/12/05-16:42:24.873183 7f2c19d59700 Options.max_bytes_for_level_multiplier_addtl[1]: 1
2019/12/05-16:42:24.873185 7f2c19d59700 Options.max_bytes_for_level_multiplier_addtl[2]: 1
2019/12/05-16:42:24.873187 7f2c19d59700 Options.max_bytes_for_level_multiplier_addtl[3]: 1
2019/12/05-16:42:24.873188 7f2c19d59700 Options.max_bytes_for_level_multiplier_addtl[4]: 1
2019/12/05-16:42:24.873190 7f2c19d59700 Options.max_bytes_for_level_multiplier_addtl[5]: 1
2019/12/05-16:42:24.873191 7f2c19d59700 Options.max_bytes_for_level_multiplier_addtl[6]: 1
2019/12/05-16:42:24.873192 7f2c19d59700       Options.max_sequential_skip_in_iterations: 8
2019/12/05-16:42:24.873193 7f2c19d59700                    Options.max_compaction_bytes: 1677721600
2019/12/05-16:42:24.873194 7f2c19d59700                        Options.arena_block_size: 16777216
2019/12/05-16:42:24.873196 7f2c19d59700   Options.soft_pending_compaction_bytes_limit: 68719476736
2019/12/05-16:42:24.873197 7f2c19d59700   Options.hard_pending_compaction_bytes_limit: 274877906944
2019/12/05-16:42:24.873202 7f2c19d59700       Options.rate_limit_delay_max_milliseconds: 100
2019/12/05-16:42:24.873204 7f2c19d59700                Options.disable_auto_compactions: 0
2019/12/05-16:42:24.873205 7f2c19d59700                        Options.compaction_style: kCompactionStyleLevel
2019/12/05-16:42:24.873206 7f2c19d59700                          Options.compaction_pri: kByCompensatedSize
2019/12/05-16:42:24.873207 7f2c19d59700 Options.compaction_options_universal.size_ratio: 1
2019/12/05-16:42:24.873208 7f2c19d59700 Options.compaction_options_universal.min_merge_width: 2
2019/12/05-16:42:24.873209 7f2c19d59700 Options.compaction_options_universal.max_merge_width: 4294967295
2019/12/05-16:42:24.873210 7f2c19d59700 Options.compaction_options_universal.max_size_amplification_percent: 200
2019/12/05-16:42:24.873211 7f2c19d59700 Options.compaction_options_universal.compression_size_percent: -1
2019/12/05-16:42:24.873212 7f2c19d59700 Options.compaction_options_universal.stop_style: kCompactionStopStyleTotalSize
2019/12/05-16:42:24.873213 7f2c19d59700 Options.compaction_options_fifo.max_table_files_size: 1073741824
2019/12/05-16:42:24.873214 7f2c19d59700 Options.compaction_options_fifo.allow_compaction: 0
2019/12/05-16:42:24.873215 7f2c19d59700 Options.compaction_options_fifo.ttl: 0
2019/12/05-16:42:24.873216 7f2c19d59700                   Options.table_properties_collectors: 
2019/12/05-16:42:24.873217 7f2c19d59700                   Options.inplace_update_support: 0
2019/12/05-16:42:24.873218 7f2c19d59700                 Options.inplace_update_num_locks: 10000
2019/12/05-16:42:24.873219 7f2c19d59700               Options.memtable_prefix_bloom_size_ratio: 0.000000
2019/12/05-16:42:24.873221 7f2c19d59700   Options.memtable_huge_page_size: 0
2019/12/05-16:42:24.873222 7f2c19d59700                           Options.bloom_locality: 0
2019/12/05-16:42:24.873223 7f2c19d59700                    Options.max_successive_merges: 0
2019/12/05-16:42:24.873224 7f2c19d59700                Options.optimize_filters_for_hits: 0
2019/12/05-16:42:24.873225 7f2c19d59700                Options.paranoid_file_checks: 0
2019/12/05-16:42:24.873226 7f2c19d59700                Options.force_consistency_checks: 0
2019/12/05-16:42:24.873227 7f2c19d59700                Options.report_bg_io_stats: 0
2019/12/05-16:42:24.873228 7f2c19d59700                               Options.ttl: 0
2019/12/05-16:42:24.873251 7f2c19d59700 [/column_family.cc:474] --------------- Options for column family [blockTxs]:
2019/12/05-16:42:24.873253 7f2c19d59700               Options.comparator: leveldb.BytewiseComparator
2019/12/05-16:42:24.873254 7f2c19d59700           Options.merge_operator: None
2019/12/05-16:42:24.873255 7f2c19d59700        Options.compaction_filter: None
2019/12/05-16:42:24.873256 7f2c19d59700        Options.compaction_filter_factory: None
2019/12/05-16:42:24.873257 7f2c19d59700         Options.memtable_factory: SkipListFactory
2019/12/05-16:42:24.873258 7f2c19d59700            Options.table_factory: BlockBasedTable
2019/12/05-16:42:24.873278 7f2c19d59700            table_factory options:   flush_block_policy_factory: FlushBlockBySizePolicyFactory (0x7f2bf800a380)
  cache_index_and_filter_blocks: 0
  cache_index_and_filter_blocks_with_high_priority: 0
  pin_l0_filter_and_index_blocks_in_cache: 0
  pin_top_level_index_and_filter: 1
  index_type: 0
  hash_index_allow_collision: 1
  checksum: 1
  no_block_cache: 0
  block_cache: 0x7f2bf8000c90
  block_cache_name: LRUCache
  block_cache_options:
    capacity : 536870912
    num_shard_bits : 6
    strict_capacity_limit : 0
    memory_allocator : None
    high_pri_pool_ratio: 0.000
  block_cache_compressed: (nil)
  persistent_cache: (nil)
  block_size: 32768
  block_size_deviation: 10
  block_restart_interval: 16
  index_block_restart_interval: 1
  metadata_block_size: 4096
  partition_filters: 0
  use_delta_encoding: 1
  filter_policy: rocksdb.BuiltinBloomFilter
  whole_key_filtering: 1
  verify_compression: 0
  read_amp_bytes_per_bit: 0
  format_version: 4
  enable_index_compression: 1
  block_align: 0
2019/12/05-16:42:24.873285 7f2c19d59700        Options.write_buffer_size: 134217728
2019/12/05-16:42:24.873287 7f2c19d59700  Options.max_write_buffer_number: 2
2019/12/05-16:42:24.873288 7f2c19d59700          Options.compression: LZ4HC
2019/12/05-16:42:24.873289 7f2c19d59700                  Options.bottommost_compression: Disabled
2019/12/05-16:42:24.873290 7f2c19d59700       Options.prefix_extractor: nullptr
2019/12/05-16:42:24.873291 7f2c19d59700   Options.memtable_insert_with_hint_prefix_extractor: nullptr
2019/12/05-16:42:24.873292 7f2c19d59700             Options.num_levels: 7
2019/12/05-16:42:24.873293 7f2c19d59700        Options.min_write_buffer_number_to_merge: 1
2019/12/05-16:42:24.873294 7f2c19d59700     Options.max_write_buffer_number_to_maintain: 0
2019/12/05-16:42:24.873295 7f2c19d59700            Options.bottommost_compression_opts.window_bits: -14
2019/12/05-16:42:24.873296 7f2c19d59700                  Options.bottommost_compression_opts.level: 32767
2019/12/05-16:42:24.873297 7f2c19d59700               Options.bottommost_compression_opts.strategy: 0
2019/12/05-16:42:24.873298 7f2c19d59700         Options.bottommost_compression_opts.max_dict_bytes: 0
2019/12/05-16:42:24.873299 7f2c19d59700         Options.bottommost_compression_opts.zstd_max_train_bytes: 0
2019/12/05-16:42:24.873300 7f2c19d59700                  Options.bottommost_compression_opts.enabled: false
2019/12/05-16:42:24.873301 7f2c19d59700            Options.compression_opts.window_bits: -14
2019/12/05-16:42:24.873302 7f2c19d59700                  Options.compression_opts.level: 32767
2019/12/05-16:42:24.873303 7f2c19d59700               Options.compression_opts.strategy: 0
2019/12/05-16:42:24.873304 7f2c19d59700         Options.compression_opts.max_dict_bytes: 0
2019/12/05-16:42:24.873305 7f2c19d59700         Options.compression_opts.zstd_max_train_bytes: 0
2019/12/05-16:42:24.873306 7f2c19d59700                  Options.compression_opts.enabled: false
2019/12/05-16:42:24.873307 7f2c19d59700      Options.level0_file_num_compaction_trigger: 4
2019/12/05-16:42:24.873308 7f2c19d59700          Options.level0_slowdown_writes_trigger: 20
2019/12/05-16:42:24.873309 7f2c19d59700              Options.level0_stop_writes_trigger: 36
2019/12/05-16:42:24.873310 7f2c19d59700                   Options.target_file_size_base: 67108864
2019/12/05-16:42:24.873311 7f2c19d59700             Options.target_file_size_multiplier: 1
2019/12/05-16:42:24.873312 7f2c19d59700                Options.max_bytes_for_level_base: 134217728
2019/12/05-16:42:24.873313 7f2c19d59700 Options.level_compaction_dynamic_level_bytes: 0
2019/12/05-16:42:24.873314 7f2c19d59700          Options.max_bytes_for_level_multiplier: 10.000000
2019/12/05-16:42:24.873315 7f2c19d59700 Options.max_bytes_for_level_multiplier_addtl[0]: 1
2019/12/05-16:42:24.873316 7f2c19d59700 Options.max_bytes_for_level_multiplier_addtl[1]: 1
2019/12/05-16:42:24.873317 7f2c19d59700 Options.max_bytes_for_level_multiplier_addtl[2]: 1
2019/12/05-16:42:24.873318 7f2c19d59700 Options.max_bytes_for_level_multiplier_addtl[3]: 1
2019/12/05-16:42:24.873319 7f2c19d59700 Options.max_bytes_for_level_multiplier_addtl[4]: 1
2019/12/05-16:42:24.873320 7f2c19d59700 Options.max_bytes_for_level_multiplier_addtl[5]: 1
2019/12/05-16:42:24.873321 7f2c19d59700 Options.max_bytes_for_level_multiplier_addtl[6]: 1
2019/12/05-16:42:24.873322 7f2c19d59700       Options.max_sequential_skip_in_iterations: 8
2019/12/05-16:42:24.873323 7f2c19d59700                    Options.max_compaction_bytes: 1677721600
2019/12/05-16:42:24.873324 7f2c19d59700                        Options.arena_block_size: 16777216
2019/12/05-16:42:24.873325 7f2c19d59700   Options.soft_pending_compaction_bytes_limit: 68719476736
2019/12/05-16:42:24.873326 7f2c19d59700   Options.hard_pending_compaction_bytes_limit: 274877906944
2019/12/05-16:42:24.873328 7f2c19d59700       Options.rate_limit_delay_max_milliseconds: 100
2019/12/05-16:42:24.873329 7f2c19d59700                Options.disable_auto_compactions: 0
2019/12/05-16:42:24.873334 7f2c19d59700                        Options.compaction_style: kCompactionStyleLevel
2019/12/05-16:42:24.873336 7f2c19d59700                          Options.compaction_pri: kByCompensatedSize
2019/12/05-16:42:24.873338 7f2c19d59700 Options.compaction_options_universal.size_ratio: 1
2019/12/05-16:42:24.873340 7f2c19d59700 Options.compaction_options_universal.min_merge_width: 2
2019/12/05-16:42:24.873341 7f2c19d59700 Options.compaction_options_universal.max_merge_width: 4294967295
2019/12/05-16:42:24.873342 7f2c19d59700 Options.compaction_options_universal.max_size_amplification_percent: 200
2019/12/05-16:42:24.873343 7f2c19d59700 Options.compaction_options_universal.compression_size_percent: -1
2019/12/05-16:42:24.873344 7f2c19d59700 Options.compaction_options_universal.stop_style: kCompactionStopStyleTotalSize
2019/12/05-16:42:24.873345 7f2c19d59700 Options.compaction_options_fifo.max_table_files_size: 1073741824
2019/12/05-16:42:24.873346 7f2c19d59700 Options.compaction_options_fifo.allow_compaction: 0
2019/12/05-16:42:24.873347 7f2c19d59700 Options.compaction_options_fifo.ttl: 0
2019/12/05-16:42:24.873348 7f2c19d59700                   Options.table_properties_collectors: 
2019/12/05-16:42:24.873349 7f2c19d59700                   Options.inplace_update_support: 0
2019/12/05-16:42:24.873350 7f2c19d59700                 Options.inplace_update_num_locks: 10000
2019/12/05-16:42:24.873351 7f2c19d59700               Options.memtable_prefix_bloom_size_ratio: 0.000000
2019/12/05-16:42:24.873352 7f2c19d59700   Options.memtable_huge_page_size: 0
2019/12/05-16:42:24.873353 7f2c19d59700                           Options.bloom_locality: 0
2019/12/05-16:42:24.873354 7f2c19d59700                    Options.max_successive_merges: 0
2019/12/05-16:42:24.873355 7f2c19d59700                Options.optimize_filters_for_hits: 0
2019/12/05-16:42:24.873356 7f2c19d59700                Options.paranoid_file_checks: 0
2019/12/05-16:42:24.873357 7f2c19d59700                Options.force_consistency_checks: 0
2019/12/05-16:42:24.873358 7f2c19d59700                Options.report_bg_io_stats: 0
2019/12/05-16:42:24.873359 7f2c19d59700                               Options.ttl: 0
2019/12/05-16:42:24.873379 7f2c19d59700 [/column_family.cc:474] --------------- Options for column family [transactions]:
2019/12/05-16:42:24.873381 7f2c19d59700               Options.comparator: leveldb.BytewiseComparator
2019/12/05-16:42:24.873382 7f2c19d59700           Options.merge_operator: None
2019/12/05-16:42:24.873383 7f2c19d59700        Options.compaction_filter: None
2019/12/05-16:42:24.873384 7f2c19d59700        Options.compaction_filter_factory: None
2019/12/05-16:42:24.873385 7f2c19d59700         Options.memtable_factory: SkipListFactory
2019/12/05-16:42:24.873386 7f2c19d59700            Options.table_factory: BlockBasedTable
2019/12/05-16:42:24.873401 7f2c19d59700            table_factory options:   flush_block_policy_factory: FlushBlockBySizePolicyFactory (0x7f2bf800a380)
  cache_index_and_filter_blocks: 0
