2019/12/05-15:41:28.565373 7f47c7bd3700 RocksDB version: 5.18.3
2019/12/05-15:41:28.565650 7f47c7bd3700 Git sha rocksdb_build_git_sha:641fae60f63619ed5d0c9d9e4c4ea5a0ffa3e253
2019/12/05-15:41:28.565665 7f47c7bd3700 Compile date Dec  4 2019
2019/12/05-15:41:28.565672 7f47c7bd3700 DB SUMMARY
2019/12/05-15:41:28.565922 7f47c7bd3700 CURRENT file:  CURRENT
2019/12/05-15:41:28.565936 7f47c7bd3700 IDENTITY file:  IDENTITY
2019/12/05-15:41:28.565954 7f47c7bd3700 MANIFEST file:  MANIFEST-000174 size: 1661 Bytes
2019/12/05-15:41:28.565964 7f47c7bd3700 SST files in ./data dir, Total Num: 16, files: 000044.sst 000068.sst 000154.sst 000156.sst 000161.sst 000167.sst 000168.sst 000169.sst 000170.sst 
2019/12/05-15:41:28.565971 7f47c7bd3700 Write Ahead Log file in ./data: 000180.log size: 13301 ; 
2019/12/05-15:41:28.565982 7f47c7bd3700                         Options.error_if_exists: 0
2019/12/05-15:41:28.565988 7f47c7bd3700                       Options.create_if_missing: 1
2019/12/05-15:41:28.565994 7f47c7bd3700                         Options.paranoid_checks: 1
2019/12/05-15:41:28.566000 7f47c7bd3700                                     Options.env: 0x199e4a0
2019/12/05-15:41:28.566006 7f47c7bd3700                                Options.info_log: 0x7f47b4009050
2019/12/05-15:41:28.566012 7f47c7bd3700                Options.max_file_opening_threads: 16
2019/12/05-15:41:28.566018 7f47c7bd3700                              Options.statistics: (nil)
2019/12/05-15:41:28.566025 7f47c7bd3700                               Options.use_fsync: 0
2019/12/05-15:41:28.566031 7f47c7bd3700                       Options.max_log_file_size: 0
2019/12/05-15:41:28.566037 7f47c7bd3700                  Options.max_manifest_file_size: 1073741824
2019/12/05-15:41:28.566043 7f47c7bd3700                   Options.log_file_time_to_roll: 0
2019/12/05-15:41:28.566049 7f47c7bd3700                       Options.keep_log_file_num: 1000
2019/12/05-15:41:28.566055 7f47c7bd3700                    Options.recycle_log_file_num: 0
2019/12/05-15:41:28.566059 7f47c7bd3700                         Options.allow_fallocate: 1
2019/12/05-15:41:28.566062 7f47c7bd3700                        Options.allow_mmap_reads: 0
2019/12/05-15:41:28.566066 7f47c7bd3700                       Options.allow_mmap_writes: 0
2019/12/05-15:41:28.566069 7f47c7bd3700                        Options.use_direct_reads: 0
2019/12/05-15:41:28.566073 7f47c7bd3700                        Options.use_direct_io_for_flush_and_compaction: 0
2019/12/05-15:41:28.566076 7f47c7bd3700          Options.create_missing_column_families: 1
2019/12/05-15:41:28.566079 7f47c7bd3700                              Options.db_log_dir: 
2019/12/05-15:41:28.566083 7f47c7bd3700                                 Options.wal_dir: ./data
2019/12/05-15:41:28.566087 7f47c7bd3700                Options.table_cache_numshardbits: 6
2019/12/05-15:41:28.566090 7f47c7bd3700                      Options.max_subcompactions: 1
2019/12/05-15:41:28.566093 7f47c7bd3700                  Options.max_background_flushes: 6
2019/12/05-15:41:28.566097 7f47c7bd3700                         Options.WAL_ttl_seconds: 0
2019/12/05-15:41:28.566100 7f47c7bd3700                       Options.WAL_size_limit_MB: 0
2019/12/05-15:41:28.566103 7f47c7bd3700             Options.manifest_preallocation_size: 4194304
2019/12/05-15:41:28.566107 7f47c7bd3700                     Options.is_fd_close_on_exec: 1
2019/12/05-15:41:28.566110 7f47c7bd3700                   Options.advise_random_on_open: 1
2019/12/05-15:41:28.566114 7f47c7bd3700                    Options.db_write_buffer_size: 0
2019/12/05-15:41:28.566117 7f47c7bd3700                    Options.write_buffer_manager: 0x7f47b400a290
2019/12/05-15:41:28.566121 7f47c7bd3700         Options.access_hint_on_compaction_start: 1
2019/12/05-15:41:28.566124 7f47c7bd3700  Options.new_table_reader_for_compaction_inputs: 0
2019/12/05-15:41:28.566128 7f47c7bd3700           Options.random_access_max_buffer_size: 1048576
2019/12/05-15:41:28.566131 7f47c7bd3700                      Options.use_adaptive_mutex: 0
2019/12/05-15:41:28.566134 7f47c7bd3700                            Options.rate_limiter: (nil)
2019/12/05-15:41:28.566182 7f47c7bd3700     Options.sst_file_manager.rate_bytes_per_sec: 0
2019/12/05-15:41:28.566187 7f47c7bd3700                       Options.wal_recovery_mode: 2
2019/12/05-15:41:28.566190 7f47c7bd3700                  Options.enable_thread_tracking: 0
2019/12/05-15:41:28.566194 7f47c7bd3700                  Options.enable_pipelined_write: 0
2019/12/05-15:41:28.566197 7f47c7bd3700         Options.allow_concurrent_memtable_write: 1
2019/12/05-15:41:28.566201 7f47c7bd3700      Options.enable_write_thread_adaptive_yield: 1
2019/12/05-15:41:28.566204 7f47c7bd3700             Options.write_thread_max_yield_usec: 100
2019/12/05-15:41:28.566208 7f47c7bd3700            Options.write_thread_slow_yield_usec: 3
2019/12/05-15:41:28.566211 7f47c7bd3700                               Options.row_cache: None
2019/12/05-15:41:28.566214 7f47c7bd3700                              Options.wal_filter: None
2019/12/05-15:41:28.566219 7f47c7bd3700             Options.avoid_flush_during_recovery: 0
2019/12/05-15:41:28.566222 7f47c7bd3700             Options.allow_ingest_behind: 0
2019/12/05-15:41:28.566225 7f47c7bd3700             Options.preserve_deletes: 0
2019/12/05-15:41:28.566229 7f47c7bd3700             Options.two_write_queues: 0
2019/12/05-15:41:28.566232 7f47c7bd3700             Options.manual_wal_flush: 0
2019/12/05-15:41:28.566236 7f47c7bd3700             Options.max_background_jobs: 2
2019/12/05-15:41:28.566239 7f47c7bd3700             Options.max_background_compactions: 6
2019/12/05-15:41:28.566242 7f47c7bd3700             Options.avoid_flush_during_shutdown: 0
2019/12/05-15:41:28.566246 7f47c7bd3700           Options.writable_file_max_buffer_size: 1048576
2019/12/05-15:41:28.566249 7f47c7bd3700             Options.delayed_write_rate : 16777216
2019/12/05-15:41:28.566253 7f47c7bd3700             Options.max_total_wal_size: 0
2019/12/05-15:41:28.566256 7f47c7bd3700             Options.delete_obsolete_files_period_micros: 21600000000
2019/12/05-15:41:28.566260 7f47c7bd3700                   Options.stats_dump_period_sec: 600
2019/12/05-15:41:28.566264 7f47c7bd3700                          Options.max_open_files: 1024
2019/12/05-15:41:28.566267 7f47c7bd3700                          Options.bytes_per_sync: 8388608
2019/12/05-15:41:28.566271 7f47c7bd3700                      Options.wal_bytes_per_sync: 0
2019/12/05-15:41:28.566274 7f47c7bd3700       Options.compaction_readahead_size: 0
2019/12/05-15:41:28.566277 7f47c7bd3700 Compression algorithms supported:
2019/12/05-15:41:28.566281 7f47c7bd3700 	kZSTDNotFinalCompression supported: 0
2019/12/05-15:41:28.566286 7f47c7bd3700 	kZSTD supported: 0
2019/12/05-15:41:28.566289 7f47c7bd3700 	kXpressCompression supported: 0
2019/12/05-15:41:28.566293 7f47c7bd3700 	kLZ4HCCompression supported: 1
2019/12/05-15:41:28.566297 7f47c7bd3700 	kLZ4Compression supported: 1
2019/12/05-15:41:28.566300 7f47c7bd3700 	kBZip2Compression supported: 1
2019/12/05-15:41:28.566304 7f47c7bd3700 	kZlibCompression supported: 1
2019/12/05-15:41:28.566307 7f47c7bd3700 	kSnappyCompression supported: 1
2019/12/05-15:41:28.566315 7f47c7bd3700 Fast CRC32 supported: Supported on x86
2019/12/05-15:41:28.566802 7f47c7bd3700 [/version_set.cc:3508] Recovering from manifest file: MANIFEST-000174
2019/12/05-15:41:28.566952 7f47c7bd3700 [/column_family.cc:474] --------------- Options for column family [default]:
2019/12/05-15:41:28.566960 7f47c7bd3700               Options.comparator: leveldb.BytewiseComparator
2019/12/05-15:41:28.566964 7f47c7bd3700           Options.merge_operator: None
2019/12/05-15:41:28.566967 7f47c7bd3700        Options.compaction_filter: None
2019/12/05-15:41:28.566971 7f47c7bd3700        Options.compaction_filter_factory: None
2019/12/05-15:41:28.566974 7f47c7bd3700         Options.memtable_factory: SkipListFactory
2019/12/05-15:41:28.566978 7f47c7bd3700            Options.table_factory: BlockBasedTable
2019/12/05-15:41:28.567071 7f47c7bd3700            table_factory options:   flush_block_policy_factory: FlushBlockBySizePolicyFactory (0x7f47b400a230)
  cache_index_and_filter_blocks: 0
  cache_index_and_filter_blocks_with_high_priority: 0
  pin_l0_filter_and_index_blocks_in_cache: 0
  pin_top_level_index_and_filter: 1
  index_type: 0
  hash_index_allow_collision: 1
  checksum: 1
  no_block_cache: 0
  block_cache: 0x7f47b4000b20
  block_cache_name: LRUCache
  block_cache_options:
    capacity : 536870912
    num_shard_bits : 6
    strict_capacity_limit : 0
    memory_allocator : None
    high_pri_pool_ratio: 0.000
  block_cache_compressed: (nil)
  persistent_cache: (nil)
  block_size: 32768
  block_size_deviation: 10
  block_restart_interval: 16
  index_block_restart_interval: 1
  metadata_block_size: 4096
  partition_filters: 0
  use_delta_encoding: 1
  filter_policy: rocksdb.BuiltinBloomFilter
  whole_key_filtering: 1
  verify_compression: 0
  read_amp_bytes_per_bit: 0
  format_version: 4
  enable_index_compression: 1
  block_align: 0
2019/12/05-15:41:28.567122 7f47c7bd3700        Options.write_buffer_size: 134217728
2019/12/05-15:41:28.567127 7f47c7bd3700  Options.max_write_buffer_number: 2
2019/12/05-15:41:28.567131 7f47c7bd3700          Options.compression: LZ4HC
2019/12/05-15:41:28.567135 7f47c7bd3700                  Options.bottommost_compression: Disabled
2019/12/05-15:41:28.567139 7f47c7bd3700       Options.prefix_extractor: nullptr
2019/12/05-15:41:28.567143 7f47c7bd3700   Options.memtable_insert_with_hint_prefix_extractor: nullptr
2019/12/05-15:41:28.567146 7f47c7bd3700             Options.num_levels: 7
2019/12/05-15:41:28.567150 7f47c7bd3700        Options.min_write_buffer_number_to_merge: 1
2019/12/05-15:41:28.567153 7f47c7bd3700     Options.max_write_buffer_number_to_maintain: 0
2019/12/05-15:41:28.567157 7f47c7bd3700            Options.bottommost_compression_opts.window_bits: -14
2019/12/05-15:41:28.567160 7f47c7bd3700                  Options.bottommost_compression_opts.level: 32767
2019/12/05-15:41:28.567164 7f47c7bd3700               Options.bottommost_compression_opts.strategy: 0
2019/12/05-15:41:28.567167 7f47c7bd3700         Options.bottommost_compression_opts.max_dict_bytes: 0
2019/12/05-15:41:28.567171 7f47c7bd3700         Options.bottommost_compression_opts.zstd_max_train_bytes: 0
2019/12/05-15:41:28.567174 7f47c7bd3700                  Options.bottommost_compression_opts.enabled: false
2019/12/05-15:41:28.567178 7f47c7bd3700            Options.compression_opts.window_bits: -14
2019/12/05-15:41:28.567181 7f47c7bd3700                  Options.compression_opts.level: 32767
2019/12/05-15:41:28.567185 7f47c7bd3700               Options.compression_opts.strategy: 0
2019/12/05-15:41:28.567188 7f47c7bd3700         Options.compression_opts.max_dict_bytes: 0
2019/12/05-15:41:28.567191 7f47c7bd3700         Options.compression_opts.zstd_max_train_bytes: 0
2019/12/05-15:41:28.567195 7f47c7bd3700                  Options.compression_opts.enabled: false
2019/12/05-15:41:28.567198 7f47c7bd3700      Options.level0_file_num_compaction_trigger: 4
2019/12/05-15:41:28.567202 7f47c7bd3700          Options.level0_slowdown_writes_trigger: 20
2019/12/05-15:41:28.567205 7f47c7bd3700              Options.level0_stop_writes_trigger: 36
2019/12/05-15:41:28.567208 7f47c7bd3700                   Options.target_file_size_base: 67108864
2019/12/05-15:41:28.567212 7f47c7bd3700             Options.target_file_size_multiplier: 1
2019/12/05-15:41:28.567215 7f47c7bd3700                Options.max_bytes_for_level_base: 134217728
2019/12/05-15:41:28.567219 7f47c7bd3700 Options.level_compaction_dynamic_level_bytes: 0
2019/12/05-15:41:28.567223 7f47c7bd3700          Options.max_bytes_for_level_multiplier: 10.000000
2019/12/05-15:41:28.567231 7f47c7bd3700 Options.max_bytes_for_level_multiplier_addtl[0]: 1
2019/12/05-15:41:28.567235 7f47c7bd3700 Options.max_bytes_for_level_multiplier_addtl[1]: 1
2019/12/05-15:41:28.567239 7f47c7bd3700 Options.max_bytes_for_level_multiplier_addtl[2]: 1
2019/12/05-15:41:28.567242 7f47c7bd3700 Options.max_bytes_for_level_multiplier_addtl[3]: 1
2019/12/05-15:41:28.567246 7f47c7bd3700 Options.max_bytes_for_level_multiplier_addtl[4]: 1
2019/12/05-15:41:28.567249 7f47c7bd3700 Options.max_bytes_for_level_multiplier_addtl[5]: 1
2019/12/05-15:41:28.567267 7f47c7bd3700 Options.max_bytes_for_level_multiplier_addtl[6]: 1
2019/12/05-15:41:28.567271 7f47c7bd3700       Options.max_sequential_skip_in_iterations: 8
2019/12/05-15:41:28.567274 7f47c7bd3700                    Options.max_compaction_bytes: 1677721600
2019/12/05-15:41:28.567278 7f47c7bd3700                        Options.arena_block_size: 16777216
2019/12/05-15:41:28.567281 7f47c7bd3700   Options.soft_pending_compaction_bytes_limit: 68719476736
2019/12/05-15:41:28.567285 7f47c7bd3700   Options.hard_pending_compaction_bytes_limit: 274877906944
2019/12/05-15:41:28.567289 7f47c7bd3700       Options.rate_limit_delay_max_milliseconds: 100
2019/12/05-15:41:28.567292 7f47c7bd3700                Options.disable_auto_compactions: 0
2019/12/05-15:41:28.567297 7f47c7bd3700                        Options.compaction_style: kCompactionStyleLevel
2019/12/05-15:41:28.567302 7f47c7bd3700                          Options.compaction_pri: kByCompensatedSize
2019/12/05-15:41:28.567306 7f47c7bd3700 Options.compaction_options_universal.size_ratio: 1
2019/12/05-15:41:28.567309 7f47c7bd3700 Options.compaction_options_universal.min_merge_width: 2
2019/12/05-15:41:28.567313 7f47c7bd3700 Options.compaction_options_universal.max_merge_width: 4294967295
2019/12/05-15:41:28.567316 7f47c7bd3700 Options.compaction_options_universal.max_size_amplification_percent: 200
2019/12/05-15:41:28.567320 7f47c7bd3700 Options.compaction_options_universal.compression_size_percent: -1
2019/12/05-15:41:28.567324 7f47c7bd3700 Options.compaction_options_universal.stop_style: kCompactionStopStyleTotalSize
2019/12/05-15:41:28.567328 7f47c7bd3700 Options.compaction_options_fifo.max_table_files_size: 1073741824
2019/12/05-15:41:28.567331 7f47c7bd3700 Options.compaction_options_fifo.allow_compaction: 0
2019/12/05-15:41:28.567334 7f47c7bd3700 Options.compaction_options_fifo.ttl: 0
2019/12/05-15:41:28.567338 7f47c7bd3700                   Options.table_properties_collectors: 
2019/12/05-15:41:28.567341 7f47c7bd3700                   Options.inplace_update_support: 0
2019/12/05-15:41:28.567345 7f47c7bd3700                 Options.inplace_update_num_locks: 10000
2019/12/05-15:41:28.567348 7f47c7bd3700               Options.memtable_prefix_bloom_size_ratio: 0.000000
2019/12/05-15:41:28.567353 7f47c7bd3700   Options.memtable_huge_page_size: 0
2019/12/05-15:41:28.567357 7f47c7bd3700                           Options.bloom_locality: 0
2019/12/05-15:41:28.567360 7f47c7bd3700                    Options.max_successive_merges: 0
2019/12/05-15:41:28.567363 7f47c7bd3700                Options.optimize_filters_for_hits: 0
2019/12/05-15:41:28.567367 7f47c7bd3700                Options.paranoid_file_checks: 0
2019/12/05-15:41:28.567370 7f47c7bd3700                Options.force_consistency_checks: 0
2019/12/05-15:41:28.567373 7f47c7bd3700                Options.report_bg_io_stats: 0
2019/12/05-15:41:28.567377 7f47c7bd3700                               Options.ttl: 0
2019/12/05-15:41:28.567505 7f47c7bd3700 [/column_family.cc:474] --------------- Options for column family [height]:
2019/12/05-15:41:28.567513 7f47c7bd3700               Options.comparator: leveldb.BytewiseComparator
2019/12/05-15:41:28.567517 7f47c7bd3700           Options.merge_operator: None
2019/12/05-15:41:28.567520 7f47c7bd3700        Options.compaction_filter: None
2019/12/05-15:41:28.567523 7f47c7bd3700        Options.compaction_filter_factory: None
2019/12/05-15:41:28.567527 7f47c7bd3700         Options.memtable_factory: SkipListFactory
2019/12/05-15:41:28.567530 7f47c7bd3700            Options.table_factory: BlockBasedTable
2019/12/05-15:41:28.567589 7f47c7bd3700            table_factory options:   flush_block_policy_factory: FlushBlockBySizePolicyFactory (0x7f47b400a230)
  cache_index_and_filter_blocks: 0
  cache_index_and_filter_blocks_with_high_priority: 0
  pin_l0_filter_and_index_blocks_in_cache: 0
  pin_top_level_index_and_filter: 1
  index_type: 0
  hash_index_allow_collision: 1
  checksum: 1
  no_block_cache: 0
  block_cache: 0x7f47b4000b20
  block_cache_name: LRUCache
  block_cache_options:
    capacity : 536870912
    num_shard_bits : 6
    strict_capacity_limit : 0
    memory_allocator : None
    high_pri_pool_ratio: 0.000
  block_cache_compressed: (nil)
  persistent_cache: (nil)
  block_size: 32768
  block_size_deviation: 10
  block_restart_interval: 16
  index_block_restart_interval: 1
  metadata_block_size: 4096
  partition_filters: 0
  use_delta_encoding: 1
  filter_policy: rocksdb.BuiltinBloomFilter
  whole_key_filtering: 1
  verify_compression: 0
  read_amp_bytes_per_bit: 0
  format_version: 4
  enable_index_compression: 1
  block_align: 0
2019/12/05-15:41:28.567623 7f47c7bd3700        Options.write_buffer_size: 134217728
2019/12/05-15:41:28.567627 7f47c7bd3700  Options.max_write_buffer_number: 2
2019/12/05-15:41:28.567631 7f47c7bd3700          Options.compression: LZ4HC
2019/12/05-15:41:28.567635 7f47c7bd3700                  Options.bottommost_compression: Disabled
2019/12/05-15:41:28.567638 7f47c7bd3700       Options.prefix_extractor: nullptr
2019/12/05-15:41:28.567642 7f47c7bd3700   Options.memtable_insert_with_hint_prefix_extractor: nullptr
2019/12/05-15:41:28.567645 7f47c7bd3700             Options.num_levels: 7
2019/12/05-15:41:28.567649 7f47c7bd3700        Options.min_write_buffer_number_to_merge: 1
2019/12/05-15:41:28.567652 7f47c7bd3700     Options.max_write_buffer_number_to_maintain: 0
2019/12/05-15:41:28.567656 7f47c7bd3700            Options.bottommost_compression_opts.window_bits: -14
2019/12/05-15:41:28.567659 7f47c7bd3700                  Options.bottommost_compression_opts.level: 32767
2019/12/05-15:41:28.567663 7f47c7bd3700               Options.bottommost_compression_opts.strategy: 0
2019/12/05-15:41:28.567666 7f47c7bd3700         Options.bottommost_compression_opts.max_dict_bytes: 0
2019/12/05-15:41:28.567669 7f47c7bd3700         Options.bottommost_compression_opts.zstd_max_train_bytes: 0
2019/12/05-15:41:28.567673 7f47c7bd3700                  Options.bottommost_compression_opts.enabled: false
2019/12/05-15:41:28.567676 7f47c7bd3700            Options.compression_opts.window_bits: -14
2019/12/05-15:41:28.567680 7f47c7bd3700                  Options.compression_opts.level: 32767
2019/12/05-15:41:28.567683 7f47c7bd3700               Options.compression_opts.strategy: 0
2019/12/05-15:41:28.567686 7f47c7bd3700         Options.compression_opts.max_dict_bytes: 0
2019/12/05-15:41:28.567690 7f47c7bd3700         Options.compression_opts.zstd_max_train_bytes: 0
2019/12/05-15:41:28.567693 7f47c7bd3700                  Options.compression_opts.enabled: false
2019/12/05-15:41:28.567697 7f47c7bd3700      Options.level0_file_num_compaction_trigger: 4
2019/12/05-15:41:28.567700 7f47c7bd3700          Options.level0_slowdown_writes_trigger: 20
2019/12/05-15:41:28.567703 7f47c7bd3700              Options.level0_stop_writes_trigger: 36
2019/12/05-15:41:28.567707 7f47c7bd3700                   Options.target_file_size_base: 67108864
2019/12/05-15:41:28.567710 7f47c7bd3700             Options.target_file_size_multiplier: 1
2019/12/05-15:41:28.567713 7f47c7bd3700                Options.max_bytes_for_level_base: 134217728
2019/12/05-15:41:28.567717 7f47c7bd3700 Options.level_compaction_dynamic_level_bytes: 0
2019/12/05-15:41:28.567720 7f47c7bd3700          Options.max_bytes_for_level_multiplier: 10.000000
2019/12/05-15:41:28.567727 7f47c7bd3700 Options.max_bytes_for_level_multiplier_addtl[0]: 1
2019/12/05-15:41:28.567730 7f47c7bd3700 Options.max_bytes_for_level_multiplier_addtl[1]: 1
2019/12/05-15:41:28.567734 7f47c7bd3700 Options.max_bytes_for_level_multiplier_addtl[2]: 1
2019/12/05-15:41:28.567737 7f47c7bd3700 Options.max_bytes_for_level_multiplier_addtl[3]: 1
2019/12/05-15:41:28.567740 7f47c7bd3700 Options.max_bytes_for_level_multiplier_addtl[4]: 1
2019/12/05-15:41:28.567744 7f47c7bd3700 Options.max_bytes_for_level_multiplier_addtl[5]: 1
2019/12/05-15:41:28.567747 7f47c7bd3700 Options.max_bytes_for_level_multiplier_addtl[6]: 1
2019/12/05-15:41:28.567751 7f47c7bd3700       Options.max_sequential_skip_in_iterations: 8
2019/12/05-15:41:28.567754 7f47c7bd3700                    Options.max_compaction_bytes: 1677721600
2019/12/05-15:41:28.567770 7f47c7bd3700                        Options.arena_block_size: 16777216
2019/12/05-15:41:28.567774 7f47c7bd3700   Options.soft_pending_compaction_bytes_limit: 68719476736
2019/12/05-15:41:28.567778 7f47c7bd3700   Options.hard_pending_compaction_bytes_limit: 274877906944
2019/12/05-15:41:28.567781 7f47c7bd3700       Options.rate_limit_delay_max_milliseconds: 100
2019/12/05-15:41:28.567785 7f47c7bd3700                Options.disable_auto_compactions: 0
2019/12/05-15:41:28.567789 7f47c7bd3700                        Options.compaction_style: kCompactionStyleLevel
2019/12/05-15:41:28.567794 7f47c7bd3700                          Options.compaction_pri: kByCompensatedSize
2019/12/05-15:41:28.567797 7f47c7bd3700 Options.compaction_options_universal.size_ratio: 1
2019/12/05-15:41:28.567801 7f47c7bd3700 Options.compaction_options_universal.min_merge_width: 2
2019/12/05-15:41:28.567804 7f47c7bd3700 Options.compaction_options_universal.max_merge_width: 4294967295
2019/12/05-15:41:28.567807 7f47c7bd3700 Options.compaction_options_universal.max_size_amplification_percent: 200
2019/12/05-15:41:28.567811 7f47c7bd3700 Options.compaction_options_universal.compression_size_percent: -1
2019/12/05-15:41:28.567815 7f47c7bd3700 Options.compaction_options_universal.stop_style: kCompactionStopStyleTotalSize
2019/12/05-15:41:28.567819 7f47c7bd3700 Options.compaction_options_fifo.max_table_files_size: 1073741824
2019/12/05-15:41:28.567822 7f47c7bd3700 Options.compaction_options_fifo.allow_compaction: 0
2019/12/05-15:41:28.567825 7f47c7bd3700 Options.compaction_options_fifo.ttl: 0
2019/12/05-15:41:28.567829 7f47c7bd3700                   Options.table_properties_collectors: 
2019/12/05-15:41:28.567832 7f47c7bd3700                   Options.inplace_update_support: 0
2019/12/05-15:41:28.567836 7f47c7bd3700                 Options.inplace_update_num_locks: 10000
2019/12/05-15:41:28.567839 7f47c7bd3700               Options.memtable_prefix_bloom_size_ratio: 0.000000
2019/12/05-15:41:28.567844 7f47c7bd3700   Options.memtable_huge_page_size: 0
2019/12/05-15:41:28.567847 7f47c7bd3700                           Options.bloom_locality: 0
2019/12/05-15:41:28.567851 7f47c7bd3700                    Options.max_successive_merges: 0
2019/12/05-15:41:28.567854 7f47c7bd3700                Options.optimize_filters_for_hits: 0
2019/12/05-15:41:28.567857 7f47c7bd3700                Options.paranoid_file_checks: 0
2019/12/05-15:41:28.567860 7f47c7bd3700                Options.force_consistency_checks: 0
2019/12/05-15:41:28.567864 7f47c7bd3700                Options.report_bg_io_stats: 0
2019/12/05-15:41:28.567867 7f47c7bd3700                               Options.ttl: 0
2019/12/05-15:41:28.567926 7f47c7bd3700 [/column_family.cc:474] --------------- Options for column family [addresses]:
2019/12/05-15:41:28.567931 7f47c7bd3700               Options.comparator: leveldb.BytewiseComparator
2019/12/05-15:41:28.567935 7f47c7bd3700           Options.merge_operator: None
2019/12/05-15:41:28.567939 7f47c7bd3700        Options.compaction_filter: None
2019/12/05-15:41:28.567942 7f47c7bd3700        Options.compaction_filter_factory: None
2019/12/05-15:41:28.567945 7f47c7bd3700         Options.memtable_factory: SkipListFactory
2019/12/05-15:41:28.567949 7f47c7bd3700            Options.table_factory: BlockBasedTable
2019/12/05-15:41:28.568001 7f47c7bd3700            table_factory options:   flush_block_policy_factory: FlushBlockBySizePolicyFactory (0x7f47b4008dc0)
  cache_index_and_filter_blocks: 0
  cache_index_and_filter_blocks_with_high_priority: 0
  pin_l0_filter_and_index_blocks_in_cache: 0
  pin_top_level_index_and_filter: 1
  index_type: 0
  hash_index_allow_collision: 1
  checksum: 1
  no_block_cache: 0
  block_cache: 0x7f47b4000b20
  block_cache_name: LRUCache
  block_cache_options:
    capacity : 536870912
    num_shard_bits : 6
    strict_capacity_limit : 0
    memory_allocator : None
    high_pri_pool_ratio: 0.000
  block_cache_compressed: (nil)
  persistent_cache: (nil)
  block_size: 32768
  block_size_deviation: 10
  block_restart_interval: 16
  index_block_restart_interval: 1
  metadata_block_size: 4096
  partition_filters: 0
  use_delta_encoding: 1
  filter_policy: nullptr
  whole_key_filtering: 1
  verify_compression: 0
  read_amp_bytes_per_bit: 0
  format_version: 4
  enable_index_compression: 1
  block_align: 0
2019/12/05-15:41:28.568031 7f47c7bd3700        Options.write_buffer_size: 134217728
2019/12/05-15:41:28.568036 7f47c7bd3700  Options.max_write_buffer_number: 2
2019/12/05-15:41:28.568039 7f47c7bd3700          Options.compression: LZ4HC
2019/12/05-15:41:28.568043 7f47c7bd3700                  Options.bottommost_compression: Disabled
2019/12/05-15:41:28.568046 7f47c7bd3700       Options.prefix_extractor: nullptr
2019/12/05-15:41:28.568050 7f47c7bd3700   Options.memtable_insert_with_hint_prefix_extractor: nullptr
2019/12/05-15:41:28.568053 7f47c7bd3700             Options.num_levels: 7
2019/12/05-15:41:28.568056 7f47c7bd3700        Options.min_write_buffer_number_to_merge: 1
2019/12/05-15:41:28.568060 7f47c7bd3700     Options.max_write_buffer_number_to_maintain: 0
2019/12/05-15:41:28.568063 7f47c7bd3700            Options.bottommost_compression_opts.window_bits: -14
2019/12/05-15:41:28.568067 7f47c7bd3700                  Options.bottommost_compression_opts.level: 32767
2019/12/05-15:41:28.568070 7f47c7bd3700               Options.bottommost_compression_opts.strategy: 0
2019/12/05-15:41:28.568073 7f47c7bd3700         Options.bottommost_compression_opts.max_dict_bytes: 0
2019/12/05-15:41:28.568077 7f47c7bd3700         Options.bottommost_compression_opts.zstd_max_train_bytes: 0
2019/12/05-15:41:28.568080 7f47c7bd3700                  Options.bottommost_compression_opts.enabled: false
2019/12/05-15:41:28.568083 7f47c7bd3700            Options.compression_opts.window_bits: -14
2019/12/05-15:41:28.568087 7f47c7bd3700                  Options.compression_opts.level: 32767
2019/12/05-15:41:28.568090 7f47c7bd3700               Options.compression_opts.strategy: 0
2019/12/05-15:41:28.568093 7f47c7bd3700         Options.compression_opts.max_dict_bytes: 0
2019/12/05-15:41:28.568097 7f47c7bd3700         Options.compression_opts.zstd_max_train_bytes: 0
2019/12/05-15:41:28.568100 7f47c7bd3700                  Options.compression_opts.enabled: false
2019/12/05-15:41:28.568104 7f47c7bd3700      Options.level0_file_num_compaction_trigger: 4
2019/12/05-15:41:28.568107 7f47c7bd3700          Options.level0_slowdown_writes_trigger: 20
2019/12/05-15:41:28.568111 7f47c7bd3700              Options.level0_stop_writes_trigger: 36
2019/12/05-15:41:28.568114 7f47c7bd3700                   Options.target_file_size_base: 67108864
2019/12/05-15:41:28.568117 7f47c7bd3700             Options.target_file_size_multiplier: 1
2019/12/05-15:41:28.568121 7f47c7bd3700                Options.max_bytes_for_level_base: 134217728
2019/12/05-15:41:28.568124 7f47c7bd3700 Options.level_compaction_dynamic_level_bytes: 0
2019/12/05-15:41:28.568127 7f47c7bd3700          Options.max_bytes_for_level_multiplier: 10.000000
2019/12/05-15:41:28.568133 7f47c7bd3700 Options.max_bytes_for_level_multiplier_addtl[0]: 1
2019/12/05-15:41:28.568136 7f47c7bd3700 Options.max_bytes_for_level_multiplier_addtl[1]: 1
2019/12/05-15:41:28.568140 7f47c7bd3700 Options.max_bytes_for_level_multiplier_addtl[2]: 1
2019/12/05-15:41:28.568143 7f47c7bd3700 Options.max_bytes_for_level_multiplier_addtl[3]: 1
2019/12/05-15:41:28.568147 7f47c7bd3700 Options.max_bytes_for_level_multiplier_addtl[4]: 1
2019/12/05-15:41:28.568150 7f47c7bd3700 Options.max_bytes_for_level_multiplier_addtl[5]: 1
2019/12/05-15:41:28.568153 7f47c7bd3700 Options.max_bytes_for_level_multiplier_addtl[6]: 1
2019/12/05-15:41:28.568157 7f47c7bd3700       Options.max_sequential_skip_in_iterations: 8
2019/12/05-15:41:28.568160 7f47c7bd3700                    Options.max_compaction_bytes: 1677721600
2019/12/05-15:41:28.568163 7f47c7bd3700                        Options.arena_block_size: 16777216
2019/12/05-15:41:28.568167 7f47c7bd3700   Options.soft_pending_compaction_bytes_limit: 68719476736
2019/12/05-15:41:28.568170 7f47c7bd3700   Options.hard_pending_compaction_bytes_limit: 274877906944
2019/12/05-15:41:28.568188 7f47c7bd3700       Options.rate_limit_delay_max_milliseconds: 100
2019/12/05-15:41:28.568193 7f47c7bd3700                Options.disable_auto_compactions: 0
2019/12/05-15:41:28.568196 7f47c7bd3700                        Options.compaction_style: kCompactionStyleLevel
2019/12/05-15:41:28.568201 7f47c7bd3700                          Options.compaction_pri: kByCompensatedSize
2019/12/05-15:41:28.568204 7f47c7bd3700 Options.compaction_options_universal.size_ratio: 1
2019/12/05-15:41:28.568208 7f47c7bd3700 Options.compaction_options_universal.min_merge_width: 2
2019/12/05-15:41:28.568211 7f47c7bd3700 Options.compaction_options_universal.max_merge_width: 4294967295
2019/12/05-15:41:28.568214 7f47c7bd3700 Options.compaction_options_universal.max_size_amplification_percent: 200
2019/12/05-15:41:28.568218 7f47c7bd3700 Options.compaction_options_universal.compression_size_percent: -1
2019/12/05-15:41:28.568221 7f47c7bd3700 Options.compaction_options_universal.stop_style: kCompactionStopStyleTotalSize
2019/12/05-15:41:28.568225 7f47c7bd3700 Options.compaction_options_fifo.max_table_files_size: 1073741824
2019/12/05-15:41:28.568228 7f47c7bd3700 Options.compaction_options_fifo.allow_compaction: 0
2019/12/05-15:41:28.568232 7f47c7bd3700 Options.compaction_options_fifo.ttl: 0
2019/12/05-15:41:28.568235 7f47c7bd3700                   Options.table_properties_collectors: 
2019/12/05-15:41:28.568239 7f47c7bd3700                   Options.inplace_update_support: 0
2019/12/05-15:41:28.568242 7f47c7bd3700                 Options.inplace_update_num_locks: 10000
2019/12/05-15:41:28.568245 7f47c7bd3700               Options.memtable_prefix_bloom_size_ratio: 0.000000
2019/12/05-15:41:28.568250 7f47c7bd3700   Options.memtable_huge_page_size: 0
2019/12/05-15:41:28.568273 7f47c7bd3700                           Options.bloom_locality: 0
2019/12/05-15:41:28.568276 7f47c7bd3700                    Options.max_successive_merges: 0
2019/12/05-15:41:28.568280 7f47c7bd3700                Options.optimize_filters_for_hits: 0
2019/12/05-15:41:28.568283 7f47c7bd3700                Options.paranoid_file_checks: 0
2019/12/05-15:41:28.568286 7f47c7bd3700                Options.force_consistency_checks: 0
2019/12/05-15:41:28.568290 7f47c7bd3700                Options.report_bg_io_stats: 0
2019/12/05-15:41:28.568293 7f47c7bd3700                               Options.ttl: 0
2019/12/05-15:41:28.568341 7f47c7bd3700 [/column_family.cc:474] --------------- Options for column family [blockTxs]:
2019/12/05-15:41:28.568346 7f47c7bd3700               Options.comparator: leveldb.BytewiseComparator
2019/12/05-15:41:28.568350 7f47c7bd3700           Options.merge_operator: None
2019/12/05-15:41:28.568353 7f47c7bd3700        Options.compaction_filter: None
2019/12/05-15:41:28.568356 7f47c7bd3700        Options.compaction_filter_factory: None
2019/12/05-15:41:28.568360 7f47c7bd3700         Options.memtable_factory: SkipListFactory
2019/12/05-15:41:28.568363 7f47c7bd3700            Options.table_factory: BlockBasedTable
2019/12/05-15:41:28.568419 7f47c7bd3700            table_factory options:   flush_block_policy_factory: FlushBlockBySizePolicyFactory (0x7f47b400a230)
  cache_index_and_filter_blocks: 0
  cache_index_and_filter_blocks_with_high_priority: 0
  pin_l0_filter_and_index_blocks_in_cache: 0
  pin_top_level_index_and_filter: 1
  index_type: 0
  hash_index_allow_collision: 1
  checksum: 1
  no_block_cache: 0
  block_cache: 0x7f47b4000b20
  block_cache_name: LRUCache
  block_cache_options:
    capacity : 536870912
    num_shard_bits : 6
    strict_capacity_limit : 0
    memory_allocator : None
    high_pri_pool_ratio: 0.000
  block_cache_compressed: (nil)
  persistent_cache: (nil)
  block_size: 32768
  block_size_deviation: 10
  block_restart_interval: 16
  index_block_restart_interval: 1
  metadata_block_size: 4096
  partition_filters: 0
  use_delta_encoding: 1
  filter_policy: rocksdb.BuiltinBloomFilter
  whole_key_filtering: 1
  verify_compression: 0
  read_amp_bytes_per_bit: 0
  format_version: 4
  enable_index_compression: 1
  block_align: 0
2019/12/05-15:41:28.568448 7f47c7bd3700        Options.write_buffer_size: 134217728
2019/12/05-15:41:28.568452 7f47c7bd3700  Options.max_write_buffer_number: 2
2019/12/05-15:41:28.568456 7f47c7bd3700          Options.compression: LZ4HC
2019/12/05-15:41:28.568459 7f47c7bd3700                  Options.bottommost_compression: Disabled
2019/12/05-15:41:28.568463 7f47c7bd3700       Options.prefix_extractor: nullptr
2019/12/05-15:41:28.568466 7f47c7bd3700   Options.memtable_insert_with_hint_prefix_extractor: nullptr
2019/12/05-15:41:28.568469 7f47c7bd3700             Options.num_levels: 7
2019/12/05-15:41:28.568473 7f47c7bd3700        Options.min_write_buffer_number_to_merge: 1
2019/12/05-15:41:28.568476 7f47c7bd3700     Options.max_write_buffer_number_to_maintain: 0
2019/12/05-15:41:28.568480 7f47c7bd3700            Options.bottommost_compression_opts.window_bits: -14
2019/12/05-15:41:28.568483 7f47c7bd3700                  Options.bottommost_compression_opts.level: 32767
2019/12/05-15:41:28.568486 7f47c7bd3700               Options.bottommost_compression_opts.strategy: 0
2019/12/05-15:41:28.568490 7f47c7bd3700         Options.bottommost_compression_opts.max_dict_bytes: 0
2019/12/05-15:41:28.568493 7f47c7bd3700         Options.bottommost_compression_opts.zstd_max_train_bytes: 0
2019/12/05-15:41:28.568496 7f47c7bd3700                  Options.bottommost_compression_opts.enabled: false
2019/12/05-15:41:28.568500 7f47c7bd3700            Options.compression_opts.window_bits: -14
2019/12/05-15:41:28.568503 7f47c7bd3700                  Options.compression_opts.level: 32767
2019/12/05-15:41:28.568506 7f47c7bd3700               Options.compression_opts.strategy: 0
2019/12/05-15:41:28.568510 7f47c7bd3700         Options.compression_opts.max_dict_bytes: 0
2019/12/05-15:41:28.568513 7f47c7bd3700         Options.compression_opts.zstd_max_train_bytes: 0
2019/12/05-15:41:28.568516 7f47c7bd3700                  Options.compression_opts.enabled: false
2019/12/05-15:41:28.568520 7f47c7bd3700      Options.level0_file_num_compaction_trigger: 4
2019/12/05-15:41:28.568523 7f47c7bd3700          Options.level0_slowdown_writes_trigger: 20
2019/12/05-15:41:28.568526 7f47c7bd3700              Options.level0_stop_writes_trigger: 36
2019/12/05-15:41:28.568530 7f47c7bd3700                   Options.target_file_size_base: 67108864
2019/12/05-15:41:28.568533 7f47c7bd3700             Options.target_file_size_multiplier: 1
2019/12/05-15:41:28.568536 7f47c7bd3700                Options.max_bytes_for_level_base: 134217728
2019/12/05-15:41:28.568540 7f47c7bd3700 Options.level_compaction_dynamic_level_bytes: 0
2019/12/05-15:41:28.568543 7f47c7bd3700          Options.max_bytes_for_level_multiplier: 10.000000
2019/12/05-15:41:28.568549 7f47c7bd3700 Options.max_bytes_for_level_multiplier_addtl[0]: 1
2019/12/05-15:41:28.568553 7f47c7bd3700 Options.max_bytes_for_level_multiplier_addtl[1]: 1
2019/12/05-15:41:28.568556 7f47c7bd3700 Options.max_bytes_for_level_multiplier_addtl[2]: 1
2019/12/05-15:41:28.568559 7f47c7bd3700 Options.max_bytes_for_level_multiplier_addtl[3]: 1
2019/12/05-15:41:28.568563 7f47c7bd3700 Options.max_bytes_for_level_multiplier_addtl[4]: 1
2019/12/05-15:41:28.568566 7f47c7bd3700 Options.max_bytes_for_level_multiplier_addtl[5]: 1
2019/12/05-15:41:28.568570 7f47c7bd3700 Options.max_bytes_for_level_multiplier_addtl[6]: 1
2019/12/05-15:41:28.568573 7f47c7bd3700       Options.max_sequential_skip_in_iterations: 8
2019/12/05-15:41:28.568576 7f47c7bd3700                    Options.max_compaction_bytes: 1677721600
2019/12/05-15:41:28.568580 7f47c7bd3700                        Options.arena_block_size: 16777216
2019/12/05-15:41:28.568583 7f47c7bd3700   Options.soft_pending_compaction_bytes_limit: 68719476736
2019/12/05-15:41:28.568586 7f47c7bd3700   Options.hard_pending_compaction_bytes_limit: 274877906944
2019/12/05-15:41:28.568590 7f47c7bd3700       Options.rate_limit_delay_max_milliseconds: 100
2019/12/05-15:41:28.568593 7f47c7bd3700                Options.disable_auto_compactions: 0
2019/12/05-15:41:28.568610 7f47c7bd3700                        Options.compaction_style: kCompactionStyleLevel
2019/12/05-15:41:28.568615 7f47c7bd3700                          Options.compaction_pri: kByCompensatedSize
2019/12/05-15:41:28.568619 7f47c7bd3700 Options.compaction_options_universal.size_ratio: 1
2019/12/05-15:41:28.568622 7f47c7bd3700 Options.compaction_options_universal.min_merge_width: 2
2019/12/05-15:41:28.568625 7f47c7bd3700 Options.compaction_options_universal.max_merge_width: 4294967295
2019/12/05-15:41:28.568629 7f47c7bd3700 Options.compaction_options_universal.max_size_amplification_percent: 200
2019/12/05-15:41:28.568632 7f47c7bd3700 Options.compaction_options_universal.compression_size_percent: -1
2019/12/05-15:41:28.568636 7f47c7bd3700 Options.compaction_options_universal.stop_style: kCompactionStopStyleTotalSize
2019/12/05-15:41:28.568639 7f47c7bd3700 Options.compaction_options_fifo.max_table_files_size: 1073741824
2019/12/05-15:41:28.568643 7f47c7bd3700 Options.compaction_options_fifo.allow_compaction: 0
2019/12/05-15:41:28.568646 7f47c7bd3700 Options.compaction_options_fifo.ttl: 0
2019/12/05-15:41:28.568649 7f47c7bd3700                   Options.table_properties_collectors: 
2019/12/05-15:41:28.568653 7f47c7bd3700                   Options.inplace_update_support: 0
2019/12/05-15:41:28.568656 7f47c7bd3700                 Options.inplace_update_num_locks: 10000
2019/12/05-15:41:28.568659 7f47c7bd3700               Options.memtable_prefix_bloom_size_ratio: 0.000000
2019/12/05-15:41:28.568664 7f47c7bd3700   Options.memtable_huge_page_size: 0
2019/12/05-15:41:28.568667 7f47c7bd3700                           Options.bloom_locality: 0
2019/12/05-15:41:28.568670 7f47c7bd3700                    Options.max_successive_merges: 0
2019/12/05-15:41:28.568674 7f47c7bd3700                Options.optimize_filters_for_hits: 0
2019/12/05-15:41:28.568677 7f47c7bd3700                Options.paranoid_file_checks: 0
2019/12/05-15:41:28.568680 7f47c7bd3700                Options.force_consistency_checks: 0
2019/12/05-15:41:28.568684 7f47c7bd3700                Options.report_bg_io_stats: 0
2019/12/05-15:41:28.568687 7f47c7bd3700                               Options.ttl: 0
2019/12/05-15:41:28.568739 7f47c7bd3700 [/column_family.cc:474] --------------- Options for column family [transactions]:
2019/12/05-15:41:28.568745 7f47c7bd3700               Options.comparator: leveldb.BytewiseComparator
2019/12/05-15:41:28.568748 7f47c7bd3700           Options.merge_operator: None
2019/12/05-15:41:28.568752 7f47c7bd3700        Options.compaction_filter: None
2019/12/05-15:41:28.568755 7f47c7bd3700        Options.compaction_filter_factory: None
2019/12/05-15:41:28.568758 7f47c7bd3700         Options.memtable_factory: SkipListFactory
2019/12/05-15:41:28.568762 7f47c7bd3700            Options.table_factory: BlockBasedTable
2019/12/05-15:41:28.568805 7f47c7bd3700            table_factory options:   flush_block_policy_factory: FlushBlockBySizePolicyFactory (0x7f47b400a230)
  cache_index_and_filter_blocks: 0
