2019/12/05-16:31:48.966917 7f5f27789700 RocksDB version: 5.18.3
2019/12/05-16:31:48.967055 7f5f27789700 Git sha rocksdb_build_git_sha:641fae60f63619ed5d0c9d9e4c4ea5a0ffa3e253
2019/12/05-16:31:48.967061 7f5f27789700 Compile date Dec  4 2019
2019/12/05-16:31:48.967065 7f5f27789700 DB SUMMARY
2019/12/05-16:31:48.967206 7f5f27789700 CURRENT file:  CURRENT
2019/12/05-16:31:48.967216 7f5f27789700 IDENTITY file:  IDENTITY
2019/12/05-16:31:48.967224 7f5f27789700 MANIFEST file:  MANIFEST-000320 size: 2575 Bytes
2019/12/05-16:31:48.967228 7f5f27789700 SST files in ./data dir, Total Num: 11, files: 000292.sst 000294.sst 000306.sst 000316.sst 000317.sst 000319.sst 000321.sst 000323.sst 000329.sst 
2019/12/05-16:31:48.967231 7f5f27789700 Write Ahead Log file in ./data: 000326.log size: 5555 ; 
2019/12/05-16:31:48.967236 7f5f27789700                         Options.error_if_exists: 0
2019/12/05-16:31:48.967239 7f5f27789700                       Options.create_if_missing: 1
2019/12/05-16:31:48.967241 7f5f27789700                         Options.paranoid_checks: 1
2019/12/05-16:31:48.967244 7f5f27789700                                     Options.env: 0x199e4a0
2019/12/05-16:31:48.967246 7f5f27789700                                Options.info_log: 0x7f5f10009050
2019/12/05-16:31:48.967249 7f5f27789700                Options.max_file_opening_threads: 16
2019/12/05-16:31:48.967251 7f5f27789700                              Options.statistics: (nil)
2019/12/05-16:31:48.967254 7f5f27789700                               Options.use_fsync: 0
2019/12/05-16:31:48.967256 7f5f27789700                       Options.max_log_file_size: 0
2019/12/05-16:31:48.967259 7f5f27789700                  Options.max_manifest_file_size: 1073741824
2019/12/05-16:31:48.967261 7f5f27789700                   Options.log_file_time_to_roll: 0
2019/12/05-16:31:48.967263 7f5f27789700                       Options.keep_log_file_num: 1000
2019/12/05-16:31:48.967266 7f5f27789700                    Options.recycle_log_file_num: 0
2019/12/05-16:31:48.967268 7f5f27789700                         Options.allow_fallocate: 1
2019/12/05-16:31:48.967270 7f5f27789700                        Options.allow_mmap_reads: 0
2019/12/05-16:31:48.967273 7f5f27789700                       Options.allow_mmap_writes: 0
2019/12/05-16:31:48.967275 7f5f27789700                        Options.use_direct_reads: 0
2019/12/05-16:31:48.967277 7f5f27789700                        Options.use_direct_io_for_flush_and_compaction: 0
2019/12/05-16:31:48.967279 7f5f27789700          Options.create_missing_column_families: 1
2019/12/05-16:31:48.967282 7f5f27789700                              Options.db_log_dir: 
2019/12/05-16:31:48.967284 7f5f27789700                                 Options.wal_dir: ./data
2019/12/05-16:31:48.967286 7f5f27789700                Options.table_cache_numshardbits: 6
2019/12/05-16:31:48.967289 7f5f27789700                      Options.max_subcompactions: 1
2019/12/05-16:31:48.967291 7f5f27789700                  Options.max_background_flushes: 6
2019/12/05-16:31:48.967293 7f5f27789700                         Options.WAL_ttl_seconds: 0
2019/12/05-16:31:48.967296 7f5f27789700                       Options.WAL_size_limit_MB: 0
2019/12/05-16:31:48.967298 7f5f27789700             Options.manifest_preallocation_size: 4194304
2019/12/05-16:31:48.967300 7f5f27789700                     Options.is_fd_close_on_exec: 1
2019/12/05-16:31:48.967303 7f5f27789700                   Options.advise_random_on_open: 1
2019/12/05-16:31:48.967305 7f5f27789700                    Options.db_write_buffer_size: 0
2019/12/05-16:31:48.967307 7f5f27789700                    Options.write_buffer_manager: 0x7f5f1000a290
2019/12/05-16:31:48.967309 7f5f27789700         Options.access_hint_on_compaction_start: 1
2019/12/05-16:31:48.967312 7f5f27789700  Options.new_table_reader_for_compaction_inputs: 0
2019/12/05-16:31:48.967314 7f5f27789700           Options.random_access_max_buffer_size: 1048576
2019/12/05-16:31:48.967316 7f5f27789700                      Options.use_adaptive_mutex: 0
2019/12/05-16:31:48.967318 7f5f27789700                            Options.rate_limiter: (nil)
2019/12/05-16:31:48.967345 7f5f27789700     Options.sst_file_manager.rate_bytes_per_sec: 0
2019/12/05-16:31:48.967348 7f5f27789700                       Options.wal_recovery_mode: 2
2019/12/05-16:31:48.967350 7f5f27789700                  Options.enable_thread_tracking: 0
2019/12/05-16:31:48.967353 7f5f27789700                  Options.enable_pipelined_write: 0
2019/12/05-16:31:48.967355 7f5f27789700         Options.allow_concurrent_memtable_write: 1
2019/12/05-16:31:48.967357 7f5f27789700      Options.enable_write_thread_adaptive_yield: 1
2019/12/05-16:31:48.967359 7f5f27789700             Options.write_thread_max_yield_usec: 100
2019/12/05-16:31:48.967362 7f5f27789700            Options.write_thread_slow_yield_usec: 3
2019/12/05-16:31:48.967364 7f5f27789700                               Options.row_cache: None
2019/12/05-16:31:48.967366 7f5f27789700                              Options.wal_filter: None
2019/12/05-16:31:48.967369 7f5f27789700             Options.avoid_flush_during_recovery: 0
2019/12/05-16:31:48.967371 7f5f27789700             Options.allow_ingest_behind: 0
2019/12/05-16:31:48.967373 7f5f27789700             Options.preserve_deletes: 0
2019/12/05-16:31:48.967376 7f5f27789700             Options.two_write_queues: 0
2019/12/05-16:31:48.967378 7f5f27789700             Options.manual_wal_flush: 0
2019/12/05-16:31:48.967380 7f5f27789700             Options.max_background_jobs: 2
2019/12/05-16:31:48.967383 7f5f27789700             Options.max_background_compactions: 6
2019/12/05-16:31:48.967385 7f5f27789700             Options.avoid_flush_during_shutdown: 0
2019/12/05-16:31:48.967387 7f5f27789700           Options.writable_file_max_buffer_size: 1048576
2019/12/05-16:31:48.967389 7f5f27789700             Options.delayed_write_rate : 16777216
2019/12/05-16:31:48.967392 7f5f27789700             Options.max_total_wal_size: 0
2019/12/05-16:31:48.967394 7f5f27789700             Options.delete_obsolete_files_period_micros: 21600000000
2019/12/05-16:31:48.967396 7f5f27789700                   Options.stats_dump_period_sec: 600
2019/12/05-16:31:48.967399 7f5f27789700                          Options.max_open_files: 1024
2019/12/05-16:31:48.967401 7f5f27789700                          Options.bytes_per_sync: 8388608
2019/12/05-16:31:48.967403 7f5f27789700                      Options.wal_bytes_per_sync: 0
2019/12/05-16:31:48.967406 7f5f27789700       Options.compaction_readahead_size: 0
2019/12/05-16:31:48.967408 7f5f27789700 Compression algorithms supported:
2019/12/05-16:31:48.967411 7f5f27789700 	kZSTDNotFinalCompression supported: 0
2019/12/05-16:31:48.967413 7f5f27789700 	kZSTD supported: 0
2019/12/05-16:31:48.967416 7f5f27789700 	kXpressCompression supported: 0
2019/12/05-16:31:48.967418 7f5f27789700 	kLZ4HCCompression supported: 1
2019/12/05-16:31:48.967421 7f5f27789700 	kLZ4Compression supported: 1
2019/12/05-16:31:48.967423 7f5f27789700 	kBZip2Compression supported: 1
2019/12/05-16:31:48.967425 7f5f27789700 	kZlibCompression supported: 1
2019/12/05-16:31:48.967428 7f5f27789700 	kSnappyCompression supported: 1
2019/12/05-16:31:48.967433 7f5f27789700 Fast CRC32 supported: Supported on x86
2019/12/05-16:31:48.967732 7f5f27789700 [/version_set.cc:3508] Recovering from manifest file: MANIFEST-000320
2019/12/05-16:31:48.967828 7f5f27789700 [/column_family.cc:474] --------------- Options for column family [default]:
2019/12/05-16:31:48.967835 7f5f27789700               Options.comparator: leveldb.BytewiseComparator
2019/12/05-16:31:48.967838 7f5f27789700           Options.merge_operator: None
2019/12/05-16:31:48.967840 7f5f27789700        Options.compaction_filter: None
2019/12/05-16:31:48.967842 7f5f27789700        Options.compaction_filter_factory: None
2019/12/05-16:31:48.967845 7f5f27789700         Options.memtable_factory: SkipListFactory
2019/12/05-16:31:48.967847 7f5f27789700            Options.table_factory: BlockBasedTable
2019/12/05-16:31:48.967899 7f5f27789700            table_factory options:   flush_block_policy_factory: FlushBlockBySizePolicyFactory (0x7f5f1000a230)
  cache_index_and_filter_blocks: 0
  cache_index_and_filter_blocks_with_high_priority: 0
  pin_l0_filter_and_index_blocks_in_cache: 0
  pin_top_level_index_and_filter: 1
  index_type: 0
  hash_index_allow_collision: 1
  checksum: 1
  no_block_cache: 0
  block_cache: 0x7f5f10000b20
  block_cache_name: LRUCache
  block_cache_options:
    capacity : 536870912
    num_shard_bits : 6
    strict_capacity_limit : 0
    memory_allocator : None
    high_pri_pool_ratio: 0.000
  block_cache_compressed: (nil)
  persistent_cache: (nil)
  block_size: 32768
  block_size_deviation: 10
  block_restart_interval: 16
  index_block_restart_interval: 1
  metadata_block_size: 4096
  partition_filters: 0
  use_delta_encoding: 1
  filter_policy: rocksdb.BuiltinBloomFilter
  whole_key_filtering: 1
  verify_compression: 0
  read_amp_bytes_per_bit: 0
  format_version: 4
  enable_index_compression: 1
  block_align: 0
2019/12/05-16:31:48.967924 7f5f27789700        Options.write_buffer_size: 134217728
2019/12/05-16:31:48.967927 7f5f27789700  Options.max_write_buffer_number: 2
2019/12/05-16:31:48.967930 7f5f27789700          Options.compression: LZ4HC
2019/12/05-16:31:48.967933 7f5f27789700                  Options.bottommost_compression: Disabled
2019/12/05-16:31:48.967935 7f5f27789700       Options.prefix_extractor: nullptr
2019/12/05-16:31:48.967938 7f5f27789700   Options.memtable_insert_with_hint_prefix_extractor: nullptr
2019/12/05-16:31:48.967940 7f5f27789700             Options.num_levels: 7
2019/12/05-16:31:48.967943 7f5f27789700        Options.min_write_buffer_number_to_merge: 1
2019/12/05-16:31:48.967945 7f5f27789700     Options.max_write_buffer_number_to_maintain: 0
2019/12/05-16:31:48.967947 7f5f27789700            Options.bottommost_compression_opts.window_bits: -14
2019/12/05-16:31:48.967949 7f5f27789700                  Options.bottommost_compression_opts.level: 32767
2019/12/05-16:31:48.967952 7f5f27789700               Options.bottommost_compression_opts.strategy: 0
2019/12/05-16:31:48.967954 7f5f27789700         Options.bottommost_compression_opts.max_dict_bytes: 0
2019/12/05-16:31:48.967956 7f5f27789700         Options.bottommost_compression_opts.zstd_max_train_bytes: 0
2019/12/05-16:31:48.967958 7f5f27789700                  Options.bottommost_compression_opts.enabled: false
2019/12/05-16:31:48.967961 7f5f27789700            Options.compression_opts.window_bits: -14
2019/12/05-16:31:48.967963 7f5f27789700                  Options.compression_opts.level: 32767
2019/12/05-16:31:48.967965 7f5f27789700               Options.compression_opts.strategy: 0
2019/12/05-16:31:48.967967 7f5f27789700         Options.compression_opts.max_dict_bytes: 0
2019/12/05-16:31:48.967970 7f5f27789700         Options.compression_opts.zstd_max_train_bytes: 0
2019/12/05-16:31:48.967972 7f5f27789700                  Options.compression_opts.enabled: false
2019/12/05-16:31:48.967974 7f5f27789700      Options.level0_file_num_compaction_trigger: 4
2019/12/05-16:31:48.967977 7f5f27789700          Options.level0_slowdown_writes_trigger: 20
2019/12/05-16:31:48.967979 7f5f27789700              Options.level0_stop_writes_trigger: 36
2019/12/05-16:31:48.967981 7f5f27789700                   Options.target_file_size_base: 67108864
2019/12/05-16:31:48.967984 7f5f27789700             Options.target_file_size_multiplier: 1
2019/12/05-16:31:48.967986 7f5f27789700                Options.max_bytes_for_level_base: 134217728
2019/12/05-16:31:48.967988 7f5f27789700 Options.level_compaction_dynamic_level_bytes: 0
2019/12/05-16:31:48.967991 7f5f27789700          Options.max_bytes_for_level_multiplier: 10.000000
2019/12/05-16:31:48.967996 7f5f27789700 Options.max_bytes_for_level_multiplier_addtl[0]: 1
2019/12/05-16:31:48.967998 7f5f27789700 Options.max_bytes_for_level_multiplier_addtl[1]: 1
2019/12/05-16:31:48.968001 7f5f27789700 Options.max_bytes_for_level_multiplier_addtl[2]: 1
2019/12/05-16:31:48.968003 7f5f27789700 Options.max_bytes_for_level_multiplier_addtl[3]: 1
2019/12/05-16:31:48.968005 7f5f27789700 Options.max_bytes_for_level_multiplier_addtl[4]: 1
2019/12/05-16:31:48.968008 7f5f27789700 Options.max_bytes_for_level_multiplier_addtl[5]: 1
2019/12/05-16:31:48.968019 7f5f27789700 Options.max_bytes_for_level_multiplier_addtl[6]: 1
2019/12/05-16:31:48.968022 7f5f27789700       Options.max_sequential_skip_in_iterations: 8
2019/12/05-16:31:48.968025 7f5f27789700                    Options.max_compaction_bytes: 1677721600
2019/12/05-16:31:48.968027 7f5f27789700                        Options.arena_block_size: 16777216
2019/12/05-16:31:48.968030 7f5f27789700   Options.soft_pending_compaction_bytes_limit: 68719476736
2019/12/05-16:31:48.968032 7f5f27789700   Options.hard_pending_compaction_bytes_limit: 274877906944
2019/12/05-16:31:48.968035 7f5f27789700       Options.rate_limit_delay_max_milliseconds: 100
2019/12/05-16:31:48.968037 7f5f27789700                Options.disable_auto_compactions: 0
2019/12/05-16:31:48.968041 7f5f27789700                        Options.compaction_style: kCompactionStyleLevel
2019/12/05-16:31:48.968044 7f5f27789700                          Options.compaction_pri: kByCompensatedSize
2019/12/05-16:31:48.968046 7f5f27789700 Options.compaction_options_universal.size_ratio: 1
2019/12/05-16:31:48.968048 7f5f27789700 Options.compaction_options_universal.min_merge_width: 2
2019/12/05-16:31:48.968051 7f5f27789700 Options.compaction_options_universal.max_merge_width: 4294967295
2019/12/05-16:31:48.968053 7f5f27789700 Options.compaction_options_universal.max_size_amplification_percent: 200
2019/12/05-16:31:48.968055 7f5f27789700 Options.compaction_options_universal.compression_size_percent: -1
2019/12/05-16:31:48.968058 7f5f27789700 Options.compaction_options_universal.stop_style: kCompactionStopStyleTotalSize
2019/12/05-16:31:48.968061 7f5f27789700 Options.compaction_options_fifo.max_table_files_size: 1073741824
2019/12/05-16:31:48.968063 7f5f27789700 Options.compaction_options_fifo.allow_compaction: 0
2019/12/05-16:31:48.968065 7f5f27789700 Options.compaction_options_fifo.ttl: 0
2019/12/05-16:31:48.968068 7f5f27789700                   Options.table_properties_collectors: 
2019/12/05-16:31:48.968070 7f5f27789700                   Options.inplace_update_support: 0
2019/12/05-16:31:48.968072 7f5f27789700                 Options.inplace_update_num_locks: 10000
2019/12/05-16:31:48.968075 7f5f27789700               Options.memtable_prefix_bloom_size_ratio: 0.000000
2019/12/05-16:31:48.968078 7f5f27789700   Options.memtable_huge_page_size: 0
2019/12/05-16:31:48.968080 7f5f27789700                           Options.bloom_locality: 0
2019/12/05-16:31:48.968083 7f5f27789700                    Options.max_successive_merges: 0
2019/12/05-16:31:48.968085 7f5f27789700                Options.optimize_filters_for_hits: 0
2019/12/05-16:31:48.968087 7f5f27789700                Options.paranoid_file_checks: 0
2019/12/05-16:31:48.968089 7f5f27789700                Options.force_consistency_checks: 0
2019/12/05-16:31:48.968091 7f5f27789700                Options.report_bg_io_stats: 0
2019/12/05-16:31:48.968094 7f5f27789700                               Options.ttl: 0
2019/12/05-16:31:48.968182 7f5f27789700 [/column_family.cc:474] --------------- Options for column family [height]:
2019/12/05-16:31:48.968186 7f5f27789700               Options.comparator: leveldb.BytewiseComparator
2019/12/05-16:31:48.968189 7f5f27789700           Options.merge_operator: None
2019/12/05-16:31:48.968191 7f5f27789700        Options.compaction_filter: None
2019/12/05-16:31:48.968193 7f5f27789700        Options.compaction_filter_factory: None
2019/12/05-16:31:48.968196 7f5f27789700         Options.memtable_factory: SkipListFactory
2019/12/05-16:31:48.968198 7f5f27789700            Options.table_factory: BlockBasedTable
2019/12/05-16:31:48.968234 7f5f27789700            table_factory options:   flush_block_policy_factory: FlushBlockBySizePolicyFactory (0x7f5f1000a230)
  cache_index_and_filter_blocks: 0
  cache_index_and_filter_blocks_with_high_priority: 0
  pin_l0_filter_and_index_blocks_in_cache: 0
  pin_top_level_index_and_filter: 1
  index_type: 0
  hash_index_allow_collision: 1
  checksum: 1
  no_block_cache: 0
  block_cache: 0x7f5f10000b20
  block_cache_name: LRUCache
  block_cache_options:
    capacity : 536870912
    num_shard_bits : 6
    strict_capacity_limit : 0
    memory_allocator : None
    high_pri_pool_ratio: 0.000
  block_cache_compressed: (nil)
  persistent_cache: (nil)
  block_size: 32768
  block_size_deviation: 10
  block_restart_interval: 16
  index_block_restart_interval: 1
  metadata_block_size: 4096
  partition_filters: 0
  use_delta_encoding: 1
  filter_policy: rocksdb.BuiltinBloomFilter
  whole_key_filtering: 1
  verify_compression: 0
  read_amp_bytes_per_bit: 0
  format_version: 4
  enable_index_compression: 1
  block_align: 0
2019/12/05-16:31:48.968252 7f5f27789700        Options.write_buffer_size: 134217728
2019/12/05-16:31:48.968255 7f5f27789700  Options.max_write_buffer_number: 2
2019/12/05-16:31:48.968257 7f5f27789700          Options.compression: LZ4HC
2019/12/05-16:31:48.968260 7f5f27789700                  Options.bottommost_compression: Disabled
2019/12/05-16:31:48.968262 7f5f27789700       Options.prefix_extractor: nullptr
2019/12/05-16:31:48.968264 7f5f27789700   Options.memtable_insert_with_hint_prefix_extractor: nullptr
2019/12/05-16:31:48.968267 7f5f27789700             Options.num_levels: 7
2019/12/05-16:31:48.968269 7f5f27789700        Options.min_write_buffer_number_to_merge: 1
2019/12/05-16:31:48.968271 7f5f27789700     Options.max_write_buffer_number_to_maintain: 0
2019/12/05-16:31:48.968273 7f5f27789700            Options.bottommost_compression_opts.window_bits: -14
2019/12/05-16:31:48.968276 7f5f27789700                  Options.bottommost_compression_opts.level: 32767
2019/12/05-16:31:48.968278 7f5f27789700               Options.bottommost_compression_opts.strategy: 0
2019/12/05-16:31:48.968280 7f5f27789700         Options.bottommost_compression_opts.max_dict_bytes: 0
2019/12/05-16:31:48.968282 7f5f27789700         Options.bottommost_compression_opts.zstd_max_train_bytes: 0
2019/12/05-16:31:48.968285 7f5f27789700                  Options.bottommost_compression_opts.enabled: false
2019/12/05-16:31:48.968287 7f5f27789700            Options.compression_opts.window_bits: -14
2019/12/05-16:31:48.968289 7f5f27789700                  Options.compression_opts.level: 32767
2019/12/05-16:31:48.968291 7f5f27789700               Options.compression_opts.strategy: 0
2019/12/05-16:31:48.968294 7f5f27789700         Options.compression_opts.max_dict_bytes: 0
2019/12/05-16:31:48.968296 7f5f27789700         Options.compression_opts.zstd_max_train_bytes: 0
2019/12/05-16:31:48.968298 7f5f27789700                  Options.compression_opts.enabled: false
2019/12/05-16:31:48.968301 7f5f27789700      Options.level0_file_num_compaction_trigger: 4
2019/12/05-16:31:48.968303 7f5f27789700          Options.level0_slowdown_writes_trigger: 20
2019/12/05-16:31:48.968305 7f5f27789700              Options.level0_stop_writes_trigger: 36
2019/12/05-16:31:48.968307 7f5f27789700                   Options.target_file_size_base: 67108864
2019/12/05-16:31:48.968310 7f5f27789700             Options.target_file_size_multiplier: 1
2019/12/05-16:31:48.968312 7f5f27789700                Options.max_bytes_for_level_base: 134217728
2019/12/05-16:31:48.968314 7f5f27789700 Options.level_compaction_dynamic_level_bytes: 0
2019/12/05-16:31:48.968316 7f5f27789700          Options.max_bytes_for_level_multiplier: 10.000000
2019/12/05-16:31:48.968320 7f5f27789700 Options.max_bytes_for_level_multiplier_addtl[0]: 1
2019/12/05-16:31:48.968323 7f5f27789700 Options.max_bytes_for_level_multiplier_addtl[1]: 1
2019/12/05-16:31:48.968325 7f5f27789700 Options.max_bytes_for_level_multiplier_addtl[2]: 1
2019/12/05-16:31:48.968327 7f5f27789700 Options.max_bytes_for_level_multiplier_addtl[3]: 1
2019/12/05-16:31:48.968330 7f5f27789700 Options.max_bytes_for_level_multiplier_addtl[4]: 1
2019/12/05-16:31:48.968332 7f5f27789700 Options.max_bytes_for_level_multiplier_addtl[5]: 1
2019/12/05-16:31:48.968334 7f5f27789700 Options.max_bytes_for_level_multiplier_addtl[6]: 1
2019/12/05-16:31:48.968336 7f5f27789700       Options.max_sequential_skip_in_iterations: 8
2019/12/05-16:31:48.968339 7f5f27789700                    Options.max_compaction_bytes: 1677721600
2019/12/05-16:31:48.968350 7f5f27789700                        Options.arena_block_size: 16777216
2019/12/05-16:31:48.968353 7f5f27789700   Options.soft_pending_compaction_bytes_limit: 68719476736
2019/12/05-16:31:48.968355 7f5f27789700   Options.hard_pending_compaction_bytes_limit: 274877906944
2019/12/05-16:31:48.968357 7f5f27789700       Options.rate_limit_delay_max_milliseconds: 100
2019/12/05-16:31:48.968360 7f5f27789700                Options.disable_auto_compactions: 0
2019/12/05-16:31:48.968362 7f5f27789700                        Options.compaction_style: kCompactionStyleLevel
2019/12/05-16:31:48.968366 7f5f27789700                          Options.compaction_pri: kByCompensatedSize
2019/12/05-16:31:48.968368 7f5f27789700 Options.compaction_options_universal.size_ratio: 1
2019/12/05-16:31:48.968370 7f5f27789700 Options.compaction_options_universal.min_merge_width: 2
2019/12/05-16:31:48.968372 7f5f27789700 Options.compaction_options_universal.max_merge_width: 4294967295
2019/12/05-16:31:48.968375 7f5f27789700 Options.compaction_options_universal.max_size_amplification_percent: 200
2019/12/05-16:31:48.968377 7f5f27789700 Options.compaction_options_universal.compression_size_percent: -1
2019/12/05-16:31:48.968380 7f5f27789700 Options.compaction_options_universal.stop_style: kCompactionStopStyleTotalSize
2019/12/05-16:31:48.968382 7f5f27789700 Options.compaction_options_fifo.max_table_files_size: 1073741824
2019/12/05-16:31:48.968384 7f5f27789700 Options.compaction_options_fifo.allow_compaction: 0
2019/12/05-16:31:48.968386 7f5f27789700 Options.compaction_options_fifo.ttl: 0
2019/12/05-16:31:48.968389 7f5f27789700                   Options.table_properties_collectors: 
2019/12/05-16:31:48.968391 7f5f27789700                   Options.inplace_update_support: 0
2019/12/05-16:31:48.968393 7f5f27789700                 Options.inplace_update_num_locks: 10000
2019/12/05-16:31:48.968396 7f5f27789700               Options.memtable_prefix_bloom_size_ratio: 0.000000
2019/12/05-16:31:48.968399 7f5f27789700   Options.memtable_huge_page_size: 0
2019/12/05-16:31:48.968401 7f5f27789700                           Options.bloom_locality: 0
2019/12/05-16:31:48.968403 7f5f27789700                    Options.max_successive_merges: 0
2019/12/05-16:31:48.968405 7f5f27789700                Options.optimize_filters_for_hits: 0
2019/12/05-16:31:48.968408 7f5f27789700                Options.paranoid_file_checks: 0
2019/12/05-16:31:48.968410 7f5f27789700                Options.force_consistency_checks: 0
2019/12/05-16:31:48.968412 7f5f27789700                Options.report_bg_io_stats: 0
2019/12/05-16:31:48.968414 7f5f27789700                               Options.ttl: 0
2019/12/05-16:31:48.968455 7f5f27789700 [/column_family.cc:474] --------------- Options for column family [addresses]:
2019/12/05-16:31:48.968459 7f5f27789700               Options.comparator: leveldb.BytewiseComparator
2019/12/05-16:31:48.968461 7f5f27789700           Options.merge_operator: None
2019/12/05-16:31:48.968464 7f5f27789700        Options.compaction_filter: None
2019/12/05-16:31:48.968466 7f5f27789700        Options.compaction_filter_factory: None
2019/12/05-16:31:48.968468 7f5f27789700         Options.memtable_factory: SkipListFactory
2019/12/05-16:31:48.968470 7f5f27789700            Options.table_factory: BlockBasedTable
2019/12/05-16:31:48.968508 7f5f27789700            table_factory options:   flush_block_policy_factory: FlushBlockBySizePolicyFactory (0x7f5f10008dc0)
  cache_index_and_filter_blocks: 0
  cache_index_and_filter_blocks_with_high_priority: 0
  pin_l0_filter_and_index_blocks_in_cache: 0
  pin_top_level_index_and_filter: 1
  index_type: 0
  hash_index_allow_collision: 1
  checksum: 1
  no_block_cache: 0
  block_cache: 0x7f5f10000b20
  block_cache_name: LRUCache
  block_cache_options:
    capacity : 536870912
    num_shard_bits : 6
    strict_capacity_limit : 0
    memory_allocator : None
    high_pri_pool_ratio: 0.000
  block_cache_compressed: (nil)
  persistent_cache: (nil)
  block_size: 32768
  block_size_deviation: 10
  block_restart_interval: 16
  index_block_restart_interval: 1
  metadata_block_size: 4096
  partition_filters: 0
  use_delta_encoding: 1
  filter_policy: nullptr
  whole_key_filtering: 1
  verify_compression: 0
  read_amp_bytes_per_bit: 0
  format_version: 4
  enable_index_compression: 1
  block_align: 0
2019/12/05-16:31:48.968527 7f5f27789700        Options.write_buffer_size: 134217728
2019/12/05-16:31:48.968530 7f5f27789700  Options.max_write_buffer_number: 2
2019/12/05-16:31:48.968532 7f5f27789700          Options.compression: LZ4HC
2019/12/05-16:31:48.968534 7f5f27789700                  Options.bottommost_compression: Disabled
2019/12/05-16:31:48.968537 7f5f27789700       Options.prefix_extractor: nullptr
2019/12/05-16:31:48.968539 7f5f27789700   Options.memtable_insert_with_hint_prefix_extractor: nullptr
2019/12/05-16:31:48.968541 7f5f27789700             Options.num_levels: 7
2019/12/05-16:31:48.968544 7f5f27789700        Options.min_write_buffer_number_to_merge: 1
2019/12/05-16:31:48.968546 7f5f27789700     Options.max_write_buffer_number_to_maintain: 0
2019/12/05-16:31:48.968548 7f5f27789700            Options.bottommost_compression_opts.window_bits: -14
2019/12/05-16:31:48.968550 7f5f27789700                  Options.bottommost_compression_opts.level: 32767
2019/12/05-16:31:48.968553 7f5f27789700               Options.bottommost_compression_opts.strategy: 0
2019/12/05-16:31:48.968555 7f5f27789700         Options.bottommost_compression_opts.max_dict_bytes: 0
2019/12/05-16:31:48.968557 7f5f27789700         Options.bottommost_compression_opts.zstd_max_train_bytes: 0
2019/12/05-16:31:48.968559 7f5f27789700                  Options.bottommost_compression_opts.enabled: false
2019/12/05-16:31:48.968562 7f5f27789700            Options.compression_opts.window_bits: -14
2019/12/05-16:31:48.968564 7f5f27789700                  Options.compression_opts.level: 32767
2019/12/05-16:31:48.968566 7f5f27789700               Options.compression_opts.strategy: 0
2019/12/05-16:31:48.968568 7f5f27789700         Options.compression_opts.max_dict_bytes: 0
2019/12/05-16:31:48.968572 7f5f27789700         Options.compression_opts.zstd_max_train_bytes: 0
2019/12/05-16:31:48.968576 7f5f27789700                  Options.compression_opts.enabled: false
2019/12/05-16:31:48.968579 7f5f27789700      Options.level0_file_num_compaction_trigger: 4
2019/12/05-16:31:48.968582 7f5f27789700          Options.level0_slowdown_writes_trigger: 20
2019/12/05-16:31:48.968586 7f5f27789700              Options.level0_stop_writes_trigger: 36
2019/12/05-16:31:48.968589 7f5f27789700                   Options.target_file_size_base: 67108864
2019/12/05-16:31:48.968592 7f5f27789700             Options.target_file_size_multiplier: 1
2019/12/05-16:31:48.968596 7f5f27789700                Options.max_bytes_for_level_base: 134217728
2019/12/05-16:31:48.968600 7f5f27789700 Options.level_compaction_dynamic_level_bytes: 0
2019/12/05-16:31:48.968603 7f5f27789700          Options.max_bytes_for_level_multiplier: 10.000000
2019/12/05-16:31:48.968608 7f5f27789700 Options.max_bytes_for_level_multiplier_addtl[0]: 1
2019/12/05-16:31:48.968612 7f5f27789700 Options.max_bytes_for_level_multiplier_addtl[1]: 1
2019/12/05-16:31:48.968616 7f5f27789700 Options.max_bytes_for_level_multiplier_addtl[2]: 1
2019/12/05-16:31:48.968619 7f5f27789700 Options.max_bytes_for_level_multiplier_addtl[3]: 1
2019/12/05-16:31:48.968623 7f5f27789700 Options.max_bytes_for_level_multiplier_addtl[4]: 1
2019/12/05-16:31:48.968626 7f5f27789700 Options.max_bytes_for_level_multiplier_addtl[5]: 1
2019/12/05-16:31:48.968629 7f5f27789700 Options.max_bytes_for_level_multiplier_addtl[6]: 1
2019/12/05-16:31:48.968633 7f5f27789700       Options.max_sequential_skip_in_iterations: 8
2019/12/05-16:31:48.968636 7f5f27789700                    Options.max_compaction_bytes: 1677721600
2019/12/05-16:31:48.968639 7f5f27789700                        Options.arena_block_size: 16777216
2019/12/05-16:31:48.968643 7f5f27789700   Options.soft_pending_compaction_bytes_limit: 68719476736
2019/12/05-16:31:48.968646 7f5f27789700   Options.hard_pending_compaction_bytes_limit: 274877906944
2019/12/05-16:31:48.968677 7f5f27789700       Options.rate_limit_delay_max_milliseconds: 100
2019/12/05-16:31:48.968683 7f5f27789700                Options.disable_auto_compactions: 0
2019/12/05-16:31:48.968688 7f5f27789700                        Options.compaction_style: kCompactionStyleLevel
2019/12/05-16:31:48.968693 7f5f27789700                          Options.compaction_pri: kByCompensatedSize
2019/12/05-16:31:48.968697 7f5f27789700 Options.compaction_options_universal.size_ratio: 1
2019/12/05-16:31:48.968701 7f5f27789700 Options.compaction_options_universal.min_merge_width: 2
2019/12/05-16:31:48.968704 7f5f27789700 Options.compaction_options_universal.max_merge_width: 4294967295
2019/12/05-16:31:48.968707 7f5f27789700 Options.compaction_options_universal.max_size_amplification_percent: 200
2019/12/05-16:31:48.968710 7f5f27789700 Options.compaction_options_universal.compression_size_percent: -1
2019/12/05-16:31:48.968714 7f5f27789700 Options.compaction_options_universal.stop_style: kCompactionStopStyleTotalSize
2019/12/05-16:31:48.968717 7f5f27789700 Options.compaction_options_fifo.max_table_files_size: 1073741824
2019/12/05-16:31:48.968720 7f5f27789700 Options.compaction_options_fifo.allow_compaction: 0
2019/12/05-16:31:48.968722 7f5f27789700 Options.compaction_options_fifo.ttl: 0
2019/12/05-16:31:48.968725 7f5f27789700                   Options.table_properties_collectors: 
2019/12/05-16:31:48.968728 7f5f27789700                   Options.inplace_update_support: 0
2019/12/05-16:31:48.968731 7f5f27789700                 Options.inplace_update_num_locks: 10000
2019/12/05-16:31:48.968734 7f5f27789700               Options.memtable_prefix_bloom_size_ratio: 0.000000
2019/12/05-16:31:48.968738 7f5f27789700   Options.memtable_huge_page_size: 0
2019/12/05-16:31:48.968742 7f5f27789700                           Options.bloom_locality: 0
2019/12/05-16:31:48.968746 7f5f27789700                    Options.max_successive_merges: 0
2019/12/05-16:31:48.968750 7f5f27789700                Options.optimize_filters_for_hits: 0
2019/12/05-16:31:48.968753 7f5f27789700                Options.paranoid_file_checks: 0
2019/12/05-16:31:48.968757 7f5f27789700                Options.force_consistency_checks: 0
2019/12/05-16:31:48.968759 7f5f27789700                Options.report_bg_io_stats: 0
2019/12/05-16:31:48.968763 7f5f27789700                               Options.ttl: 0
2019/12/05-16:31:48.968839 7f5f27789700 [/column_family.cc:474] --------------- Options for column family [blockTxs]:
2019/12/05-16:31:48.968847 7f5f27789700               Options.comparator: leveldb.BytewiseComparator
2019/12/05-16:31:48.968851 7f5f27789700           Options.merge_operator: None
2019/12/05-16:31:48.968856 7f5f27789700        Options.compaction_filter: None
2019/12/05-16:31:48.968859 7f5f27789700        Options.compaction_filter_factory: None
2019/12/05-16:31:48.968863 7f5f27789700         Options.memtable_factory: SkipListFactory
2019/12/05-16:31:48.968867 7f5f27789700            Options.table_factory: BlockBasedTable
2019/12/05-16:31:48.968909 7f5f27789700            table_factory options:   flush_block_policy_factory: FlushBlockBySizePolicyFactory (0x7f5f1000a230)
  cache_index_and_filter_blocks: 0
  cache_index_and_filter_blocks_with_high_priority: 0
  pin_l0_filter_and_index_blocks_in_cache: 0
  pin_top_level_index_and_filter: 1
  index_type: 0
  hash_index_allow_collision: 1
  checksum: 1
  no_block_cache: 0
  block_cache: 0x7f5f10000b20
  block_cache_name: LRUCache
  block_cache_options:
    capacity : 536870912
    num_shard_bits : 6
    strict_capacity_limit : 0
    memory_allocator : None
    high_pri_pool_ratio: 0.000
  block_cache_compressed: (nil)
  persistent_cache: (nil)
  block_size: 32768
  block_size_deviation: 10
  block_restart_interval: 16
  index_block_restart_interval: 1
  metadata_block_size: 4096
  partition_filters: 0
  use_delta_encoding: 1
  filter_policy: rocksdb.BuiltinBloomFilter
  whole_key_filtering: 1
  verify_compression: 0
  read_amp_bytes_per_bit: 0
  format_version: 4
  enable_index_compression: 1
  block_align: 0
2019/12/05-16:31:48.968930 7f5f27789700        Options.write_buffer_size: 134217728
2019/12/05-16:31:48.968933 7f5f27789700  Options.max_write_buffer_number: 2
2019/12/05-16:31:48.968936 7f5f27789700          Options.compression: LZ4HC
2019/12/05-16:31:48.968939 7f5f27789700                  Options.bottommost_compression: Disabled
2019/12/05-16:31:48.968941 7f5f27789700       Options.prefix_extractor: nullptr
2019/12/05-16:31:48.968943 7f5f27789700   Options.memtable_insert_with_hint_prefix_extractor: nullptr
2019/12/05-16:31:48.968945 7f5f27789700             Options.num_levels: 7
2019/12/05-16:31:48.968948 7f5f27789700        Options.min_write_buffer_number_to_merge: 1
2019/12/05-16:31:48.968950 7f5f27789700     Options.max_write_buffer_number_to_maintain: 0
2019/12/05-16:31:48.968952 7f5f27789700            Options.bottommost_compression_opts.window_bits: -14
2019/12/05-16:31:48.968955 7f5f27789700                  Options.bottommost_compression_opts.level: 32767
2019/12/05-16:31:48.968957 7f5f27789700               Options.bottommost_compression_opts.strategy: 0
2019/12/05-16:31:48.968959 7f5f27789700         Options.bottommost_compression_opts.max_dict_bytes: 0
2019/12/05-16:31:48.968961 7f5f27789700         Options.bottommost_compression_opts.zstd_max_train_bytes: 0
2019/12/05-16:31:48.968963 7f5f27789700                  Options.bottommost_compression_opts.enabled: false
2019/12/05-16:31:48.968966 7f5f27789700            Options.compression_opts.window_bits: -14
2019/12/05-16:31:48.968968 7f5f27789700                  Options.compression_opts.level: 32767
2019/12/05-16:31:48.968970 7f5f27789700               Options.compression_opts.strategy: 0
2019/12/05-16:31:48.968972 7f5f27789700         Options.compression_opts.max_dict_bytes: 0
2019/12/05-16:31:48.968975 7f5f27789700         Options.compression_opts.zstd_max_train_bytes: 0
2019/12/05-16:31:48.968977 7f5f27789700                  Options.compression_opts.enabled: false
2019/12/05-16:31:48.968979 7f5f27789700      Options.level0_file_num_compaction_trigger: 4
2019/12/05-16:31:48.968981 7f5f27789700          Options.level0_slowdown_writes_trigger: 20
2019/12/05-16:31:48.968984 7f5f27789700              Options.level0_stop_writes_trigger: 36
2019/12/05-16:31:48.968986 7f5f27789700                   Options.target_file_size_base: 67108864
2019/12/05-16:31:48.968988 7f5f27789700             Options.target_file_size_multiplier: 1
2019/12/05-16:31:48.968990 7f5f27789700                Options.max_bytes_for_level_base: 134217728
2019/12/05-16:31:48.968993 7f5f27789700 Options.level_compaction_dynamic_level_bytes: 0
2019/12/05-16:31:48.968995 7f5f27789700          Options.max_bytes_for_level_multiplier: 10.000000
2019/12/05-16:31:48.968999 7f5f27789700 Options.max_bytes_for_level_multiplier_addtl[0]: 1
2019/12/05-16:31:48.969001 7f5f27789700 Options.max_bytes_for_level_multiplier_addtl[1]: 1
2019/12/05-16:31:48.969004 7f5f27789700 Options.max_bytes_for_level_multiplier_addtl[2]: 1
2019/12/05-16:31:48.969006 7f5f27789700 Options.max_bytes_for_level_multiplier_addtl[3]: 1
2019/12/05-16:31:48.969008 7f5f27789700 Options.max_bytes_for_level_multiplier_addtl[4]: 1
2019/12/05-16:31:48.969010 7f5f27789700 Options.max_bytes_for_level_multiplier_addtl[5]: 1
2019/12/05-16:31:48.969013 7f5f27789700 Options.max_bytes_for_level_multiplier_addtl[6]: 1
2019/12/05-16:31:48.969015 7f5f27789700       Options.max_sequential_skip_in_iterations: 8
2019/12/05-16:31:48.969017 7f5f27789700                    Options.max_compaction_bytes: 1677721600
2019/12/05-16:31:48.969019 7f5f27789700                        Options.arena_block_size: 16777216
2019/12/05-16:31:48.969022 7f5f27789700   Options.soft_pending_compaction_bytes_limit: 68719476736
2019/12/05-16:31:48.969024 7f5f27789700   Options.hard_pending_compaction_bytes_limit: 274877906944
2019/12/05-16:31:48.969026 7f5f27789700       Options.rate_limit_delay_max_milliseconds: 100
2019/12/05-16:31:48.969028 7f5f27789700                Options.disable_auto_compactions: 0
2019/12/05-16:31:48.969043 7f5f27789700                        Options.compaction_style: kCompactionStyleLevel
2019/12/05-16:31:48.969047 7f5f27789700                          Options.compaction_pri: kByCompensatedSize
2019/12/05-16:31:48.969049 7f5f27789700 Options.compaction_options_universal.size_ratio: 1
2019/12/05-16:31:48.969052 7f5f27789700 Options.compaction_options_universal.min_merge_width: 2
2019/12/05-16:31:48.969054 7f5f27789700 Options.compaction_options_universal.max_merge_width: 4294967295
2019/12/05-16:31:48.969056 7f5f27789700 Options.compaction_options_universal.max_size_amplification_percent: 200
2019/12/05-16:31:48.969058 7f5f27789700 Options.compaction_options_universal.compression_size_percent: -1
2019/12/05-16:31:48.969061 7f5f27789700 Options.compaction_options_universal.stop_style: kCompactionStopStyleTotalSize
2019/12/05-16:31:48.969063 7f5f27789700 Options.compaction_options_fifo.max_table_files_size: 1073741824
2019/12/05-16:31:48.969066 7f5f27789700 Options.compaction_options_fifo.allow_compaction: 0
2019/12/05-16:31:48.969068 7f5f27789700 Options.compaction_options_fifo.ttl: 0
2019/12/05-16:31:48.969070 7f5f27789700                   Options.table_properties_collectors: 
2019/12/05-16:31:48.969073 7f5f27789700                   Options.inplace_update_support: 0
2019/12/05-16:31:48.969075 7f5f27789700                 Options.inplace_update_num_locks: 10000
2019/12/05-16:31:48.969077 7f5f27789700               Options.memtable_prefix_bloom_size_ratio: 0.000000
2019/12/05-16:31:48.969080 7f5f27789700   Options.memtable_huge_page_size: 0
2019/12/05-16:31:48.969082 7f5f27789700                           Options.bloom_locality: 0
2019/12/05-16:31:48.969085 7f5f27789700                    Options.max_successive_merges: 0
2019/12/05-16:31:48.969087 7f5f27789700                Options.optimize_filters_for_hits: 0
2019/12/05-16:31:48.969089 7f5f27789700                Options.paranoid_file_checks: 0
2019/12/05-16:31:48.969091 7f5f27789700                Options.force_consistency_checks: 0
2019/12/05-16:31:48.969093 7f5f27789700                Options.report_bg_io_stats: 0
2019/12/05-16:31:48.969096 7f5f27789700                               Options.ttl: 0
2019/12/05-16:31:48.969134 7f5f27789700 [/column_family.cc:474] --------------- Options for column family [transactions]:
2019/12/05-16:31:48.969137 7f5f27789700               Options.comparator: leveldb.BytewiseComparator
2019/12/05-16:31:48.969140 7f5f27789700           Options.merge_operator: None
2019/12/05-16:31:48.969142 7f5f27789700        Options.compaction_filter: None
2019/12/05-16:31:48.969144 7f5f27789700        Options.compaction_filter_factory: None
2019/12/05-16:31:48.969146 7f5f27789700         Options.memtable_factory: SkipListFactory
2019/12/05-16:31:48.969149 7f5f27789700            Options.table_factory: BlockBasedTable
2019/12/05-16:31:48.969184 7f5f27789700            table_factory options:   flush_block_policy_factory: FlushBlockBySizePolicyFactory (0x7f5f1000a230)
  cache_index_and_filter_blocks: 0
