2019/12/05-14:46:23.578407 7fe5f6a71700 RocksDB version: 5.18.3
2019/12/05-14:46:23.578614 7fe5f6a71700 Git sha rocksdb_build_git_sha:641fae60f63619ed5d0c9d9e4c4ea5a0ffa3e253
2019/12/05-14:46:23.578625 7fe5f6a71700 Compile date Dec  4 2019
2019/12/05-14:46:23.578630 7fe5f6a71700 DB SUMMARY
2019/12/05-14:46:23.578792 7fe5f6a71700 CURRENT file:  CURRENT
2019/12/05-14:46:23.578798 7fe5f6a71700 IDENTITY file:  IDENTITY
2019/12/05-14:46:23.578810 7fe5f6a71700 MANIFEST file:  MANIFEST-000057 size: 2129 Bytes
2019/12/05-14:46:23.578816 7fe5f6a71700 SST files in ./data dir, Total Num: 17, files: 000018.sst 000019.sst 000020.sst 000021.sst 000022.sst 000041.sst 000042.sst 000043.sst 000044.sst 
2019/12/05-14:46:23.578821 7fe5f6a71700 Write Ahead Log file in ./data: 000058.log size: 22019 ; 
2019/12/05-14:46:23.578826 7fe5f6a71700                         Options.error_if_exists: 0
2019/12/05-14:46:23.578831 7fe5f6a71700                       Options.create_if_missing: 1
2019/12/05-14:46:23.578834 7fe5f6a71700                         Options.paranoid_checks: 1
2019/12/05-14:46:23.578838 7fe5f6a71700                                     Options.env: 0x199e4a0
2019/12/05-14:46:23.578842 7fe5f6a71700                                Options.info_log: 0x7fe5d80091a0
2019/12/05-14:46:23.578845 7fe5f6a71700                Options.max_file_opening_threads: 16
2019/12/05-14:46:23.578849 7fe5f6a71700                              Options.statistics: (nil)
2019/12/05-14:46:23.578853 7fe5f6a71700                               Options.use_fsync: 0
2019/12/05-14:46:23.578857 7fe5f6a71700                       Options.max_log_file_size: 0
2019/12/05-14:46:23.578861 7fe5f6a71700                  Options.max_manifest_file_size: 1073741824
2019/12/05-14:46:23.578865 7fe5f6a71700                   Options.log_file_time_to_roll: 0
2019/12/05-14:46:23.578869 7fe5f6a71700                       Options.keep_log_file_num: 1000
2019/12/05-14:46:23.578873 7fe5f6a71700                    Options.recycle_log_file_num: 0
2019/12/05-14:46:23.578876 7fe5f6a71700                         Options.allow_fallocate: 1
2019/12/05-14:46:23.578880 7fe5f6a71700                        Options.allow_mmap_reads: 0
2019/12/05-14:46:23.578883 7fe5f6a71700                       Options.allow_mmap_writes: 0
2019/12/05-14:46:23.578887 7fe5f6a71700                        Options.use_direct_reads: 0
2019/12/05-14:46:23.578890 7fe5f6a71700                        Options.use_direct_io_for_flush_and_compaction: 0
2019/12/05-14:46:23.578893 7fe5f6a71700          Options.create_missing_column_families: 1
2019/12/05-14:46:23.578897 7fe5f6a71700                              Options.db_log_dir: 
2019/12/05-14:46:23.578900 7fe5f6a71700                                 Options.wal_dir: ./data
2019/12/05-14:46:23.578904 7fe5f6a71700                Options.table_cache_numshardbits: 6
2019/12/05-14:46:23.578907 7fe5f6a71700                      Options.max_subcompactions: 1
2019/12/05-14:46:23.578911 7fe5f6a71700                  Options.max_background_flushes: 6
2019/12/05-14:46:23.578914 7fe5f6a71700                         Options.WAL_ttl_seconds: 0
2019/12/05-14:46:23.578918 7fe5f6a71700                       Options.WAL_size_limit_MB: 0
2019/12/05-14:46:23.578921 7fe5f6a71700             Options.manifest_preallocation_size: 4194304
2019/12/05-14:46:23.578925 7fe5f6a71700                     Options.is_fd_close_on_exec: 1
2019/12/05-14:46:23.578929 7fe5f6a71700                   Options.advise_random_on_open: 1
2019/12/05-14:46:23.578932 7fe5f6a71700                    Options.db_write_buffer_size: 0
2019/12/05-14:46:23.578936 7fe5f6a71700                    Options.write_buffer_manager: 0x7fe5d8008d10
2019/12/05-14:46:23.578939 7fe5f6a71700         Options.access_hint_on_compaction_start: 1
2019/12/05-14:46:23.578943 7fe5f6a71700  Options.new_table_reader_for_compaction_inputs: 0
2019/12/05-14:46:23.578946 7fe5f6a71700           Options.random_access_max_buffer_size: 1048576
2019/12/05-14:46:23.578949 7fe5f6a71700                      Options.use_adaptive_mutex: 0
2019/12/05-14:46:23.578953 7fe5f6a71700                            Options.rate_limiter: (nil)
2019/12/05-14:46:23.578996 7fe5f6a71700     Options.sst_file_manager.rate_bytes_per_sec: 0
2019/12/05-14:46:23.579001 7fe5f6a71700                       Options.wal_recovery_mode: 2
2019/12/05-14:46:23.579005 7fe5f6a71700                  Options.enable_thread_tracking: 0
2019/12/05-14:46:23.579008 7fe5f6a71700                  Options.enable_pipelined_write: 0
2019/12/05-14:46:23.579012 7fe5f6a71700         Options.allow_concurrent_memtable_write: 1
2019/12/05-14:46:23.579015 7fe5f6a71700      Options.enable_write_thread_adaptive_yield: 1
2019/12/05-14:46:23.579019 7fe5f6a71700             Options.write_thread_max_yield_usec: 100
2019/12/05-14:46:23.579023 7fe5f6a71700            Options.write_thread_slow_yield_usec: 3
2019/12/05-14:46:23.579027 7fe5f6a71700                               Options.row_cache: None
2019/12/05-14:46:23.579032 7fe5f6a71700                              Options.wal_filter: None
2019/12/05-14:46:23.579038 7fe5f6a71700             Options.avoid_flush_during_recovery: 0
2019/12/05-14:46:23.579041 7fe5f6a71700             Options.allow_ingest_behind: 0
2019/12/05-14:46:23.579045 7fe5f6a71700             Options.preserve_deletes: 0
2019/12/05-14:46:23.579050 7fe5f6a71700             Options.two_write_queues: 0
2019/12/05-14:46:23.579053 7fe5f6a71700             Options.manual_wal_flush: 0
2019/12/05-14:46:23.579057 7fe5f6a71700             Options.max_background_jobs: 2
2019/12/05-14:46:23.579060 7fe5f6a71700             Options.max_background_compactions: 6
2019/12/05-14:46:23.579063 7fe5f6a71700             Options.avoid_flush_during_shutdown: 0
2019/12/05-14:46:23.579067 7fe5f6a71700           Options.writable_file_max_buffer_size: 1048576
2019/12/05-14:46:23.579070 7fe5f6a71700             Options.delayed_write_rate : 16777216
2019/12/05-14:46:23.579074 7fe5f6a71700             Options.max_total_wal_size: 0
2019/12/05-14:46:23.579077 7fe5f6a71700             Options.delete_obsolete_files_period_micros: 21600000000
2019/12/05-14:46:23.579081 7fe5f6a71700                   Options.stats_dump_period_sec: 600
2019/12/05-14:46:23.579085 7fe5f6a71700                          Options.max_open_files: 1024
2019/12/05-14:46:23.579088 7fe5f6a71700                          Options.bytes_per_sync: 8388608
2019/12/05-14:46:23.579091 7fe5f6a71700                      Options.wal_bytes_per_sync: 0
2019/12/05-14:46:23.579095 7fe5f6a71700       Options.compaction_readahead_size: 0
2019/12/05-14:46:23.579098 7fe5f6a71700 Compression algorithms supported:
2019/12/05-14:46:23.579103 7fe5f6a71700 	kZSTDNotFinalCompression supported: 0
2019/12/05-14:46:23.579108 7fe5f6a71700 	kZSTD supported: 0
2019/12/05-14:46:23.579113 7fe5f6a71700 	kXpressCompression supported: 0
2019/12/05-14:46:23.579118 7fe5f6a71700 	kLZ4HCCompression supported: 1
2019/12/05-14:46:23.579122 7fe5f6a71700 	kLZ4Compression supported: 1
2019/12/05-14:46:23.579125 7fe5f6a71700 	kBZip2Compression supported: 1
2019/12/05-14:46:23.579129 7fe5f6a71700 	kZlibCompression supported: 1
2019/12/05-14:46:23.579132 7fe5f6a71700 	kSnappyCompression supported: 1
2019/12/05-14:46:23.579140 7fe5f6a71700 Fast CRC32 supported: Supported on x86
2019/12/05-14:46:23.579953 7fe5f6a71700 [/version_set.cc:3508] Recovering from manifest file: MANIFEST-000057
2019/12/05-14:46:23.580175 7fe5f6a71700 [/column_family.cc:474] --------------- Options for column family [default]:
2019/12/05-14:46:23.580186 7fe5f6a71700               Options.comparator: leveldb.BytewiseComparator
2019/12/05-14:46:23.580191 7fe5f6a71700           Options.merge_operator: None
2019/12/05-14:46:23.580195 7fe5f6a71700        Options.compaction_filter: None
2019/12/05-14:46:23.580200 7fe5f6a71700        Options.compaction_filter_factory: None
2019/12/05-14:46:23.580203 7fe5f6a71700         Options.memtable_factory: SkipListFactory
2019/12/05-14:46:23.580209 7fe5f6a71700            Options.table_factory: BlockBasedTable
2019/12/05-14:46:23.580329 7fe5f6a71700            table_factory options:   flush_block_policy_factory: FlushBlockBySizePolicyFactory (0x7fe5d800a380)
  cache_index_and_filter_blocks: 0
  cache_index_and_filter_blocks_with_high_priority: 0
  pin_l0_filter_and_index_blocks_in_cache: 0
  pin_top_level_index_and_filter: 1
  index_type: 0
  hash_index_allow_collision: 1
  checksum: 1
  no_block_cache: 0
  block_cache: 0x7fe5d8000c90
  block_cache_name: LRUCache
  block_cache_options:
    capacity : 536870912
    num_shard_bits : 6
    strict_capacity_limit : 0
    memory_allocator : None
    high_pri_pool_ratio: 0.000
  block_cache_compressed: (nil)
  persistent_cache: (nil)
  block_size: 32768
  block_size_deviation: 10
  block_restart_interval: 16
  index_block_restart_interval: 1
  metadata_block_size: 4096
  partition_filters: 0
  use_delta_encoding: 1
  filter_policy: rocksdb.BuiltinBloomFilter
  whole_key_filtering: 1
  verify_compression: 0
  read_amp_bytes_per_bit: 0
  format_version: 4
  enable_index_compression: 1
  block_align: 0
2019/12/05-14:46:23.580409 7fe5f6a71700        Options.write_buffer_size: 134217728
2019/12/05-14:46:23.580416 7fe5f6a71700  Options.max_write_buffer_number: 2
2019/12/05-14:46:23.580422 7fe5f6a71700          Options.compression: LZ4HC
2019/12/05-14:46:23.580425 7fe5f6a71700                  Options.bottommost_compression: Disabled
2019/12/05-14:46:23.580430 7fe5f6a71700       Options.prefix_extractor: nullptr
2019/12/05-14:46:23.580436 7fe5f6a71700   Options.memtable_insert_with_hint_prefix_extractor: nullptr
2019/12/05-14:46:23.580439 7fe5f6a71700             Options.num_levels: 7
2019/12/05-14:46:23.580443 7fe5f6a71700        Options.min_write_buffer_number_to_merge: 1
2019/12/05-14:46:23.580447 7fe5f6a71700     Options.max_write_buffer_number_to_maintain: 0
2019/12/05-14:46:23.580450 7fe5f6a71700            Options.bottommost_compression_opts.window_bits: -14
2019/12/05-14:46:23.580454 7fe5f6a71700                  Options.bottommost_compression_opts.level: 32767
2019/12/05-14:46:23.580457 7fe5f6a71700               Options.bottommost_compression_opts.strategy: 0
2019/12/05-14:46:23.580461 7fe5f6a71700         Options.bottommost_compression_opts.max_dict_bytes: 0
2019/12/05-14:46:23.580464 7fe5f6a71700         Options.bottommost_compression_opts.zstd_max_train_bytes: 0
2019/12/05-14:46:23.580467 7fe5f6a71700                  Options.bottommost_compression_opts.enabled: false
2019/12/05-14:46:23.580472 7fe5f6a71700            Options.compression_opts.window_bits: -14
2019/12/05-14:46:23.580475 7fe5f6a71700                  Options.compression_opts.level: 32767
2019/12/05-14:46:23.580479 7fe5f6a71700               Options.compression_opts.strategy: 0
2019/12/05-14:46:23.580482 7fe5f6a71700         Options.compression_opts.max_dict_bytes: 0
2019/12/05-14:46:23.580485 7fe5f6a71700         Options.compression_opts.zstd_max_train_bytes: 0
2019/12/05-14:46:23.580489 7fe5f6a71700                  Options.compression_opts.enabled: false
2019/12/05-14:46:23.580492 7fe5f6a71700      Options.level0_file_num_compaction_trigger: 4
2019/12/05-14:46:23.580496 7fe5f6a71700          Options.level0_slowdown_writes_trigger: 20
2019/12/05-14:46:23.580499 7fe5f6a71700              Options.level0_stop_writes_trigger: 36
2019/12/05-14:46:23.580502 7fe5f6a71700                   Options.target_file_size_base: 67108864
2019/12/05-14:46:23.580506 7fe5f6a71700             Options.target_file_size_multiplier: 1
2019/12/05-14:46:23.580509 7fe5f6a71700                Options.max_bytes_for_level_base: 134217728
2019/12/05-14:46:23.580513 7fe5f6a71700 Options.level_compaction_dynamic_level_bytes: 0
2019/12/05-14:46:23.580516 7fe5f6a71700          Options.max_bytes_for_level_multiplier: 10.000000
2019/12/05-14:46:23.580527 7fe5f6a71700 Options.max_bytes_for_level_multiplier_addtl[0]: 1
2019/12/05-14:46:23.580533 7fe5f6a71700 Options.max_bytes_for_level_multiplier_addtl[1]: 1
2019/12/05-14:46:23.580537 7fe5f6a71700 Options.max_bytes_for_level_multiplier_addtl[2]: 1
2019/12/05-14:46:23.580540 7fe5f6a71700 Options.max_bytes_for_level_multiplier_addtl[3]: 1
2019/12/05-14:46:23.580543 7fe5f6a71700 Options.max_bytes_for_level_multiplier_addtl[4]: 1
2019/12/05-14:46:23.580547 7fe5f6a71700 Options.max_bytes_for_level_multiplier_addtl[5]: 1
2019/12/05-14:46:23.580569 7fe5f6a71700 Options.max_bytes_for_level_multiplier_addtl[6]: 1
2019/12/05-14:46:23.580574 7fe5f6a71700       Options.max_sequential_skip_in_iterations: 8
2019/12/05-14:46:23.580577 7fe5f6a71700                    Options.max_compaction_bytes: 1677721600
2019/12/05-14:46:23.580581 7fe5f6a71700                        Options.arena_block_size: 16777216
2019/12/05-14:46:23.580586 7fe5f6a71700   Options.soft_pending_compaction_bytes_limit: 68719476736
2019/12/05-14:46:23.580590 7fe5f6a71700   Options.hard_pending_compaction_bytes_limit: 274877906944
2019/12/05-14:46:23.580594 7fe5f6a71700       Options.rate_limit_delay_max_milliseconds: 100
2019/12/05-14:46:23.580597 7fe5f6a71700                Options.disable_auto_compactions: 0
2019/12/05-14:46:23.580604 7fe5f6a71700                        Options.compaction_style: kCompactionStyleLevel
2019/12/05-14:46:23.580610 7fe5f6a71700                          Options.compaction_pri: kByCompensatedSize
2019/12/05-14:46:23.580614 7fe5f6a71700 Options.compaction_options_universal.size_ratio: 1
2019/12/05-14:46:23.580619 7fe5f6a71700 Options.compaction_options_universal.min_merge_width: 2
2019/12/05-14:46:23.580622 7fe5f6a71700 Options.compaction_options_universal.max_merge_width: 4294967295
2019/12/05-14:46:23.580626 7fe5f6a71700 Options.compaction_options_universal.max_size_amplification_percent: 200
2019/12/05-14:46:23.580629 7fe5f6a71700 Options.compaction_options_universal.compression_size_percent: -1
2019/12/05-14:46:23.580634 7fe5f6a71700 Options.compaction_options_universal.stop_style: kCompactionStopStyleTotalSize
2019/12/05-14:46:23.580638 7fe5f6a71700 Options.compaction_options_fifo.max_table_files_size: 1073741824
2019/12/05-14:46:23.580641 7fe5f6a71700 Options.compaction_options_fifo.allow_compaction: 0
2019/12/05-14:46:23.580645 7fe5f6a71700 Options.compaction_options_fifo.ttl: 0
2019/12/05-14:46:23.580649 7fe5f6a71700                   Options.table_properties_collectors: 
2019/12/05-14:46:23.580653 7fe5f6a71700                   Options.inplace_update_support: 0
2019/12/05-14:46:23.580657 7fe5f6a71700                 Options.inplace_update_num_locks: 10000
2019/12/05-14:46:23.580660 7fe5f6a71700               Options.memtable_prefix_bloom_size_ratio: 0.000000
2019/12/05-14:46:23.580665 7fe5f6a71700   Options.memtable_huge_page_size: 0
2019/12/05-14:46:23.580669 7fe5f6a71700                           Options.bloom_locality: 0
2019/12/05-14:46:23.580672 7fe5f6a71700                    Options.max_successive_merges: 0
2019/12/05-14:46:23.580676 7fe5f6a71700                Options.optimize_filters_for_hits: 0
2019/12/05-14:46:23.580679 7fe5f6a71700                Options.paranoid_file_checks: 0
2019/12/05-14:46:23.580682 7fe5f6a71700                Options.force_consistency_checks: 0
2019/12/05-14:46:23.580686 7fe5f6a71700                Options.report_bg_io_stats: 0
2019/12/05-14:46:23.580689 7fe5f6a71700                               Options.ttl: 0
2019/12/05-14:46:23.580980 7fe5f6a71700 [/column_family.cc:474] --------------- Options for column family [height]:
2019/12/05-14:46:23.580990 7fe5f6a71700               Options.comparator: leveldb.BytewiseComparator
2019/12/05-14:46:23.580994 7fe5f6a71700           Options.merge_operator: None
2019/12/05-14:46:23.580997 7fe5f6a71700        Options.compaction_filter: None
2019/12/05-14:46:23.581001 7fe5f6a71700        Options.compaction_filter_factory: None
2019/12/05-14:46:23.581004 7fe5f6a71700         Options.memtable_factory: SkipListFactory
2019/12/05-14:46:23.581008 7fe5f6a71700            Options.table_factory: BlockBasedTable
2019/12/05-14:46:23.581086 7fe5f6a71700            table_factory options:   flush_block_policy_factory: FlushBlockBySizePolicyFactory (0x7fe5d800a380)
  cache_index_and_filter_blocks: 0
  cache_index_and_filter_blocks_with_high_priority: 0
  pin_l0_filter_and_index_blocks_in_cache: 0
  pin_top_level_index_and_filter: 1
  index_type: 0
  hash_index_allow_collision: 1
  checksum: 1
  no_block_cache: 0
  block_cache: 0x7fe5d8000c90
  block_cache_name: LRUCache
  block_cache_options:
    capacity : 536870912
    num_shard_bits : 6
    strict_capacity_limit : 0
    memory_allocator : None
    high_pri_pool_ratio: 0.000
  block_cache_compressed: (nil)
  persistent_cache: (nil)
  block_size: 32768
  block_size_deviation: 10
  block_restart_interval: 16
  index_block_restart_interval: 1
  metadata_block_size: 4096
  partition_filters: 0
  use_delta_encoding: 1
  filter_policy: rocksdb.BuiltinBloomFilter
  whole_key_filtering: 1
  verify_compression: 0
  read_amp_bytes_per_bit: 0
  format_version: 4
  enable_index_compression: 1
  block_align: 0
2019/12/05-14:46:23.581119 7fe5f6a71700        Options.write_buffer_size: 134217728
2019/12/05-14:46:23.581124 7fe5f6a71700  Options.max_write_buffer_number: 2
2019/12/05-14:46:23.581128 7fe5f6a71700          Options.compression: LZ4HC
2019/12/05-14:46:23.581132 7fe5f6a71700                  Options.bottommost_compression: Disabled
2019/12/05-14:46:23.581135 7fe5f6a71700       Options.prefix_extractor: nullptr
2019/12/05-14:46:23.581139 7fe5f6a71700   Options.memtable_insert_with_hint_prefix_extractor: nullptr
2019/12/05-14:46:23.581142 7fe5f6a71700             Options.num_levels: 7
2019/12/05-14:46:23.581146 7fe5f6a71700        Options.min_write_buffer_number_to_merge: 1
2019/12/05-14:46:23.581149 7fe5f6a71700     Options.max_write_buffer_number_to_maintain: 0
2019/12/05-14:46:23.581153 7fe5f6a71700            Options.bottommost_compression_opts.window_bits: -14
2019/12/05-14:46:23.581156 7fe5f6a71700                  Options.bottommost_compression_opts.level: 32767
2019/12/05-14:46:23.581160 7fe5f6a71700               Options.bottommost_compression_opts.strategy: 0
2019/12/05-14:46:23.581163 7fe5f6a71700         Options.bottommost_compression_opts.max_dict_bytes: 0
2019/12/05-14:46:23.581166 7fe5f6a71700         Options.bottommost_compression_opts.zstd_max_train_bytes: 0
2019/12/05-14:46:23.581170 7fe5f6a71700                  Options.bottommost_compression_opts.enabled: false
2019/12/05-14:46:23.581173 7fe5f6a71700            Options.compression_opts.window_bits: -14
2019/12/05-14:46:23.581177 7fe5f6a71700                  Options.compression_opts.level: 32767
2019/12/05-14:46:23.581180 7fe5f6a71700               Options.compression_opts.strategy: 0
2019/12/05-14:46:23.581184 7fe5f6a71700         Options.compression_opts.max_dict_bytes: 0
2019/12/05-14:46:23.581187 7fe5f6a71700         Options.compression_opts.zstd_max_train_bytes: 0
2019/12/05-14:46:23.581191 7fe5f6a71700                  Options.compression_opts.enabled: false
2019/12/05-14:46:23.581194 7fe5f6a71700      Options.level0_file_num_compaction_trigger: 4
2019/12/05-14:46:23.581198 7fe5f6a71700          Options.level0_slowdown_writes_trigger: 20
2019/12/05-14:46:23.581201 7fe5f6a71700              Options.level0_stop_writes_trigger: 36
2019/12/05-14:46:23.581204 7fe5f6a71700                   Options.target_file_size_base: 67108864
2019/12/05-14:46:23.581208 7fe5f6a71700             Options.target_file_size_multiplier: 1
2019/12/05-14:46:23.581211 7fe5f6a71700                Options.max_bytes_for_level_base: 134217728
2019/12/05-14:46:23.581215 7fe5f6a71700 Options.level_compaction_dynamic_level_bytes: 0
2019/12/05-14:46:23.581218 7fe5f6a71700          Options.max_bytes_for_level_multiplier: 10.000000
2019/12/05-14:46:23.581225 7fe5f6a71700 Options.max_bytes_for_level_multiplier_addtl[0]: 1
2019/12/05-14:46:23.581229 7fe5f6a71700 Options.max_bytes_for_level_multiplier_addtl[1]: 1
2019/12/05-14:46:23.581233 7fe5f6a71700 Options.max_bytes_for_level_multiplier_addtl[2]: 1
2019/12/05-14:46:23.581236 7fe5f6a71700 Options.max_bytes_for_level_multiplier_addtl[3]: 1
2019/12/05-14:46:23.581239 7fe5f6a71700 Options.max_bytes_for_level_multiplier_addtl[4]: 1
2019/12/05-14:46:23.581243 7fe5f6a71700 Options.max_bytes_for_level_multiplier_addtl[5]: 1
2019/12/05-14:46:23.581246 7fe5f6a71700 Options.max_bytes_for_level_multiplier_addtl[6]: 1
2019/12/05-14:46:23.581251 7fe5f6a71700       Options.max_sequential_skip_in_iterations: 8
2019/12/05-14:46:23.581255 7fe5f6a71700                    Options.max_compaction_bytes: 1677721600
2019/12/05-14:46:23.581276 7fe5f6a71700                        Options.arena_block_size: 16777216
2019/12/05-14:46:23.581281 7fe5f6a71700   Options.soft_pending_compaction_bytes_limit: 68719476736
2019/12/05-14:46:23.581285 7fe5f6a71700   Options.hard_pending_compaction_bytes_limit: 274877906944
2019/12/05-14:46:23.581289 7fe5f6a71700       Options.rate_limit_delay_max_milliseconds: 100
2019/12/05-14:46:23.581292 7fe5f6a71700                Options.disable_auto_compactions: 0
2019/12/05-14:46:23.581297 7fe5f6a71700                        Options.compaction_style: kCompactionStyleLevel
2019/12/05-14:46:23.581302 7fe5f6a71700                          Options.compaction_pri: kByCompensatedSize
2019/12/05-14:46:23.581305 7fe5f6a71700 Options.compaction_options_universal.size_ratio: 1
2019/12/05-14:46:23.581309 7fe5f6a71700 Options.compaction_options_universal.min_merge_width: 2
2019/12/05-14:46:23.581312 7fe5f6a71700 Options.compaction_options_universal.max_merge_width: 4294967295
2019/12/05-14:46:23.581316 7fe5f6a71700 Options.compaction_options_universal.max_size_amplification_percent: 200
2019/12/05-14:46:23.581319 7fe5f6a71700 Options.compaction_options_universal.compression_size_percent: -1
2019/12/05-14:46:23.581324 7fe5f6a71700 Options.compaction_options_universal.stop_style: kCompactionStopStyleTotalSize
2019/12/05-14:46:23.581328 7fe5f6a71700 Options.compaction_options_fifo.max_table_files_size: 1073741824
2019/12/05-14:46:23.581332 7fe5f6a71700 Options.compaction_options_fifo.allow_compaction: 0
2019/12/05-14:46:23.581335 7fe5f6a71700 Options.compaction_options_fifo.ttl: 0
2019/12/05-14:46:23.581339 7fe5f6a71700                   Options.table_properties_collectors: 
2019/12/05-14:46:23.581343 7fe5f6a71700                   Options.inplace_update_support: 0
2019/12/05-14:46:23.581347 7fe5f6a71700                 Options.inplace_update_num_locks: 10000
2019/12/05-14:46:23.581350 7fe5f6a71700               Options.memtable_prefix_bloom_size_ratio: 0.000000
2019/12/05-14:46:23.581357 7fe5f6a71700   Options.memtable_huge_page_size: 0
2019/12/05-14:46:23.581360 7fe5f6a71700                           Options.bloom_locality: 0
2019/12/05-14:46:23.581363 7fe5f6a71700                    Options.max_successive_merges: 0
2019/12/05-14:46:23.581367 7fe5f6a71700                Options.optimize_filters_for_hits: 0
2019/12/05-14:46:23.581370 7fe5f6a71700                Options.paranoid_file_checks: 0
2019/12/05-14:46:23.581374 7fe5f6a71700                Options.force_consistency_checks: 0
2019/12/05-14:46:23.581377 7fe5f6a71700                Options.report_bg_io_stats: 0
2019/12/05-14:46:23.581380 7fe5f6a71700                               Options.ttl: 0
2019/12/05-14:46:23.581457 7fe5f6a71700 [/column_family.cc:474] --------------- Options for column family [addresses]:
2019/12/05-14:46:23.581465 7fe5f6a71700               Options.comparator: leveldb.BytewiseComparator
2019/12/05-14:46:23.581469 7fe5f6a71700           Options.merge_operator: None
2019/12/05-14:46:23.581585 7fe5f6a71700        Options.compaction_filter: None
2019/12/05-14:46:23.581590 7fe5f6a71700        Options.compaction_filter_factory: None
2019/12/05-14:46:23.581594 7fe5f6a71700         Options.memtable_factory: SkipListFactory
2019/12/05-14:46:23.581597 7fe5f6a71700            Options.table_factory: BlockBasedTable
2019/12/05-14:46:23.581662 7fe5f6a71700            table_factory options:   flush_block_policy_factory: FlushBlockBySizePolicyFactory (0x7fe5d800a140)
  cache_index_and_filter_blocks: 0
  cache_index_and_filter_blocks_with_high_priority: 0
  pin_l0_filter_and_index_blocks_in_cache: 0
  pin_top_level_index_and_filter: 1
  index_type: 0
  hash_index_allow_collision: 1
  checksum: 1
  no_block_cache: 0
  block_cache: 0x7fe5d8000c90
  block_cache_name: LRUCache
  block_cache_options:
    capacity : 536870912
    num_shard_bits : 6
    strict_capacity_limit : 0
    memory_allocator : None
    high_pri_pool_ratio: 0.000
  block_cache_compressed: (nil)
  persistent_cache: (nil)
  block_size: 32768
  block_size_deviation: 10
  block_restart_interval: 16
  index_block_restart_interval: 1
  metadata_block_size: 4096
  partition_filters: 0
  use_delta_encoding: 1
  filter_policy: nullptr
  whole_key_filtering: 1
  verify_compression: 0
  read_amp_bytes_per_bit: 0
  format_version: 4
  enable_index_compression: 1
  block_align: 0
2019/12/05-14:46:23.581700 7fe5f6a71700        Options.write_buffer_size: 134217728
2019/12/05-14:46:23.581705 7fe5f6a71700  Options.max_write_buffer_number: 2
2019/12/05-14:46:23.581709 7fe5f6a71700          Options.compression: LZ4HC
2019/12/05-14:46:23.581713 7fe5f6a71700                  Options.bottommost_compression: Disabled
2019/12/05-14:46:23.581716 7fe5f6a71700       Options.prefix_extractor: nullptr
2019/12/05-14:46:23.581720 7fe5f6a71700   Options.memtable_insert_with_hint_prefix_extractor: nullptr
2019/12/05-14:46:23.581724 7fe5f6a71700             Options.num_levels: 7
2019/12/05-14:46:23.581727 7fe5f6a71700        Options.min_write_buffer_number_to_merge: 1
2019/12/05-14:46:23.581731 7fe5f6a71700     Options.max_write_buffer_number_to_maintain: 0
2019/12/05-14:46:23.581734 7fe5f6a71700            Options.bottommost_compression_opts.window_bits: -14
2019/12/05-14:46:23.581738 7fe5f6a71700                  Options.bottommost_compression_opts.level: 32767
2019/12/05-14:46:23.581741 7fe5f6a71700               Options.bottommost_compression_opts.strategy: 0
2019/12/05-14:46:23.581745 7fe5f6a71700         Options.bottommost_compression_opts.max_dict_bytes: 0
2019/12/05-14:46:23.581748 7fe5f6a71700         Options.bottommost_compression_opts.zstd_max_train_bytes: 0
2019/12/05-14:46:23.581751 7fe5f6a71700                  Options.bottommost_compression_opts.enabled: false
2019/12/05-14:46:23.581755 7fe5f6a71700            Options.compression_opts.window_bits: -14
2019/12/05-14:46:23.581759 7fe5f6a71700                  Options.compression_opts.level: 32767
2019/12/05-14:46:23.581762 7fe5f6a71700               Options.compression_opts.strategy: 0
2019/12/05-14:46:23.581766 7fe5f6a71700         Options.compression_opts.max_dict_bytes: 0
2019/12/05-14:46:23.581769 7fe5f6a71700         Options.compression_opts.zstd_max_train_bytes: 0
2019/12/05-14:46:23.581772 7fe5f6a71700                  Options.compression_opts.enabled: false
2019/12/05-14:46:23.581777 7fe5f6a71700      Options.level0_file_num_compaction_trigger: 4
2019/12/05-14:46:23.581783 7fe5f6a71700          Options.level0_slowdown_writes_trigger: 20
2019/12/05-14:46:23.581788 7fe5f6a71700              Options.level0_stop_writes_trigger: 36
2019/12/05-14:46:23.581793 7fe5f6a71700                   Options.target_file_size_base: 67108864
2019/12/05-14:46:23.581798 7fe5f6a71700             Options.target_file_size_multiplier: 1
2019/12/05-14:46:23.581803 7fe5f6a71700                Options.max_bytes_for_level_base: 134217728
2019/12/05-14:46:23.581810 7fe5f6a71700 Options.level_compaction_dynamic_level_bytes: 0
2019/12/05-14:46:23.581815 7fe5f6a71700          Options.max_bytes_for_level_multiplier: 10.000000
2019/12/05-14:46:23.581825 7fe5f6a71700 Options.max_bytes_for_level_multiplier_addtl[0]: 1
2019/12/05-14:46:23.581831 7fe5f6a71700 Options.max_bytes_for_level_multiplier_addtl[1]: 1
2019/12/05-14:46:23.581837 7fe5f6a71700 Options.max_bytes_for_level_multiplier_addtl[2]: 1
2019/12/05-14:46:23.581842 7fe5f6a71700 Options.max_bytes_for_level_multiplier_addtl[3]: 1
2019/12/05-14:46:23.581847 7fe5f6a71700 Options.max_bytes_for_level_multiplier_addtl[4]: 1
2019/12/05-14:46:23.581852 7fe5f6a71700 Options.max_bytes_for_level_multiplier_addtl[5]: 1
2019/12/05-14:46:23.581857 7fe5f6a71700 Options.max_bytes_for_level_multiplier_addtl[6]: 1
2019/12/05-14:46:23.581864 7fe5f6a71700       Options.max_sequential_skip_in_iterations: 8
2019/12/05-14:46:23.581869 7fe5f6a71700                    Options.max_compaction_bytes: 1677721600
2019/12/05-14:46:23.581875 7fe5f6a71700                        Options.arena_block_size: 16777216
2019/12/05-14:46:23.581881 7fe5f6a71700   Options.soft_pending_compaction_bytes_limit: 68719476736
2019/12/05-14:46:23.581888 7fe5f6a71700   Options.hard_pending_compaction_bytes_limit: 274877906944
2019/12/05-14:46:23.581923 7fe5f6a71700       Options.rate_limit_delay_max_milliseconds: 100
2019/12/05-14:46:23.581930 7fe5f6a71700                Options.disable_auto_compactions: 0
2019/12/05-14:46:23.581936 7fe5f6a71700                        Options.compaction_style: kCompactionStyleLevel
2019/12/05-14:46:23.581945 7fe5f6a71700                          Options.compaction_pri: kByCompensatedSize
2019/12/05-14:46:23.581951 7fe5f6a71700 Options.compaction_options_universal.size_ratio: 1
2019/12/05-14:46:23.581956 7fe5f6a71700 Options.compaction_options_universal.min_merge_width: 2
2019/12/05-14:46:23.581963 7fe5f6a71700 Options.compaction_options_universal.max_merge_width: 4294967295
2019/12/05-14:46:23.581969 7fe5f6a71700 Options.compaction_options_universal.max_size_amplification_percent: 200
2019/12/05-14:46:23.581976 7fe5f6a71700 Options.compaction_options_universal.compression_size_percent: -1
2019/12/05-14:46:23.581983 7fe5f6a71700 Options.compaction_options_universal.stop_style: kCompactionStopStyleTotalSize
2019/12/05-14:46:23.581988 7fe5f6a71700 Options.compaction_options_fifo.max_table_files_size: 1073741824
2019/12/05-14:46:23.581992 7fe5f6a71700 Options.compaction_options_fifo.allow_compaction: 0
2019/12/05-14:46:23.581998 7fe5f6a71700 Options.compaction_options_fifo.ttl: 0
2019/12/05-14:46:23.582003 7fe5f6a71700                   Options.table_properties_collectors: 
2019/12/05-14:46:23.582009 7fe5f6a71700                   Options.inplace_update_support: 0
2019/12/05-14:46:23.582015 7fe5f6a71700                 Options.inplace_update_num_locks: 10000
2019/12/05-14:46:23.582021 7fe5f6a71700               Options.memtable_prefix_bloom_size_ratio: 0.000000
2019/12/05-14:46:23.582029 7fe5f6a71700   Options.memtable_huge_page_size: 0
2019/12/05-14:46:23.582036 7fe5f6a71700                           Options.bloom_locality: 0
2019/12/05-14:46:23.582043 7fe5f6a71700                    Options.max_successive_merges: 0
2019/12/05-14:46:23.582049 7fe5f6a71700                Options.optimize_filters_for_hits: 0
2019/12/05-14:46:23.582054 7fe5f6a71700                Options.paranoid_file_checks: 0
2019/12/05-14:46:23.582061 7fe5f6a71700                Options.force_consistency_checks: 0
2019/12/05-14:46:23.582067 7fe5f6a71700                Options.report_bg_io_stats: 0
2019/12/05-14:46:23.582076 7fe5f6a71700                               Options.ttl: 0
2019/12/05-14:46:23.582162 7fe5f6a71700 [/column_family.cc:474] --------------- Options for column family [blockTxs]:
2019/12/05-14:46:23.582171 7fe5f6a71700               Options.comparator: leveldb.BytewiseComparator
2019/12/05-14:46:23.582175 7fe5f6a71700           Options.merge_operator: None
2019/12/05-14:46:23.582178 7fe5f6a71700        Options.compaction_filter: None
2019/12/05-14:46:23.582181 7fe5f6a71700        Options.compaction_filter_factory: None
2019/12/05-14:46:23.582185 7fe5f6a71700         Options.memtable_factory: SkipListFactory
2019/12/05-14:46:23.582189 7fe5f6a71700            Options.table_factory: BlockBasedTable
2019/12/05-14:46:23.582262 7fe5f6a71700            table_factory options:   flush_block_policy_factory: FlushBlockBySizePolicyFactory (0x7fe5d800a380)
  cache_index_and_filter_blocks: 0
  cache_index_and_filter_blocks_with_high_priority: 0
  pin_l0_filter_and_index_blocks_in_cache: 0
  pin_top_level_index_and_filter: 1
  index_type: 0
  hash_index_allow_collision: 1
  checksum: 1
  no_block_cache: 0
  block_cache: 0x7fe5d8000c90
  block_cache_name: LRUCache
  block_cache_options:
    capacity : 536870912
    num_shard_bits : 6
    strict_capacity_limit : 0
    memory_allocator : None
    high_pri_pool_ratio: 0.000
  block_cache_compressed: (nil)
  persistent_cache: (nil)
  block_size: 32768
  block_size_deviation: 10
  block_restart_interval: 16
  index_block_restart_interval: 1
  metadata_block_size: 4096
  partition_filters: 0
  use_delta_encoding: 1
  filter_policy: rocksdb.BuiltinBloomFilter
  whole_key_filtering: 1
  verify_compression: 0
  read_amp_bytes_per_bit: 0
  format_version: 4
  enable_index_compression: 1
  block_align: 0
2019/12/05-14:46:23.582306 7fe5f6a71700        Options.write_buffer_size: 134217728
2019/12/05-14:46:23.582311 7fe5f6a71700  Options.max_write_buffer_number: 2
2019/12/05-14:46:23.582315 7fe5f6a71700          Options.compression: LZ4HC
2019/12/05-14:46:23.582319 7fe5f6a71700                  Options.bottommost_compression: Disabled
2019/12/05-14:46:23.582322 7fe5f6a71700       Options.prefix_extractor: nullptr
2019/12/05-14:46:23.582326 7fe5f6a71700   Options.memtable_insert_with_hint_prefix_extractor: nullptr
2019/12/05-14:46:23.582330 7fe5f6a71700             Options.num_levels: 7
2019/12/05-14:46:23.582333 7fe5f6a71700        Options.min_write_buffer_number_to_merge: 1
2019/12/05-14:46:23.582337 7fe5f6a71700     Options.max_write_buffer_number_to_maintain: 0
2019/12/05-14:46:23.582340 7fe5f6a71700            Options.bottommost_compression_opts.window_bits: -14
2019/12/05-14:46:23.582344 7fe5f6a71700                  Options.bottommost_compression_opts.level: 32767
2019/12/05-14:46:23.582347 7fe5f6a71700               Options.bottommost_compression_opts.strategy: 0
2019/12/05-14:46:23.582351 7fe5f6a71700         Options.bottommost_compression_opts.max_dict_bytes: 0
2019/12/05-14:46:23.582354 7fe5f6a71700         Options.bottommost_compression_opts.zstd_max_train_bytes: 0
2019/12/05-14:46:23.582358 7fe5f6a71700                  Options.bottommost_compression_opts.enabled: false
2019/12/05-14:46:23.582362 7fe5f6a71700            Options.compression_opts.window_bits: -14
2019/12/05-14:46:23.582365 7fe5f6a71700                  Options.compression_opts.level: 32767
2019/12/05-14:46:23.582369 7fe5f6a71700               Options.compression_opts.strategy: 0
2019/12/05-14:46:23.582374 7fe5f6a71700         Options.compression_opts.max_dict_bytes: 0
2019/12/05-14:46:23.582377 7fe5f6a71700         Options.compression_opts.zstd_max_train_bytes: 0
2019/12/05-14:46:23.582381 7fe5f6a71700                  Options.compression_opts.enabled: false
2019/12/05-14:46:23.582385 7fe5f6a71700      Options.level0_file_num_compaction_trigger: 4
2019/12/05-14:46:23.582389 7fe5f6a71700          Options.level0_slowdown_writes_trigger: 20
2019/12/05-14:46:23.582392 7fe5f6a71700              Options.level0_stop_writes_trigger: 36
2019/12/05-14:46:23.582395 7fe5f6a71700                   Options.target_file_size_base: 67108864
2019/12/05-14:46:23.582399 7fe5f6a71700             Options.target_file_size_multiplier: 1
2019/12/05-14:46:23.582403 7fe5f6a71700                Options.max_bytes_for_level_base: 134217728
2019/12/05-14:46:23.582406 7fe5f6a71700 Options.level_compaction_dynamic_level_bytes: 0
2019/12/05-14:46:23.582410 7fe5f6a71700          Options.max_bytes_for_level_multiplier: 10.000000
2019/12/05-14:46:23.582417 7fe5f6a71700 Options.max_bytes_for_level_multiplier_addtl[0]: 1
2019/12/05-14:46:23.582420 7fe5f6a71700 Options.max_bytes_for_level_multiplier_addtl[1]: 1
2019/12/05-14:46:23.582424 7fe5f6a71700 Options.max_bytes_for_level_multiplier_addtl[2]: 1
2019/12/05-14:46:23.582427 7fe5f6a71700 Options.max_bytes_for_level_multiplier_addtl[3]: 1
2019/12/05-14:46:23.582431 7fe5f6a71700 Options.max_bytes_for_level_multiplier_addtl[4]: 1
2019/12/05-14:46:23.582435 7fe5f6a71700 Options.max_bytes_for_level_multiplier_addtl[5]: 1
2019/12/05-14:46:23.582439 7fe5f6a71700 Options.max_bytes_for_level_multiplier_addtl[6]: 1
2019/12/05-14:46:23.582442 7fe5f6a71700       Options.max_sequential_skip_in_iterations: 8
2019/12/05-14:46:23.582446 7fe5f6a71700                    Options.max_compaction_bytes: 1677721600
2019/12/05-14:46:23.582449 7fe5f6a71700                        Options.arena_block_size: 16777216
2019/12/05-14:46:23.582452 7fe5f6a71700   Options.soft_pending_compaction_bytes_limit: 68719476736
2019/12/05-14:46:23.582457 7fe5f6a71700   Options.hard_pending_compaction_bytes_limit: 274877906944
2019/12/05-14:46:23.582461 7fe5f6a71700       Options.rate_limit_delay_max_milliseconds: 100
2019/12/05-14:46:23.582466 7fe5f6a71700                Options.disable_auto_compactions: 0
2019/12/05-14:46:23.582489 7fe5f6a71700                        Options.compaction_style: kCompactionStyleLevel
2019/12/05-14:46:23.582496 7fe5f6a71700                          Options.compaction_pri: kByCompensatedSize
2019/12/05-14:46:23.582500 7fe5f6a71700 Options.compaction_options_universal.size_ratio: 1
2019/12/05-14:46:23.582503 7fe5f6a71700 Options.compaction_options_universal.min_merge_width: 2
2019/12/05-14:46:23.582506 7fe5f6a71700 Options.compaction_options_universal.max_merge_width: 4294967295
2019/12/05-14:46:23.582511 7fe5f6a71700 Options.compaction_options_universal.max_size_amplification_percent: 200
2019/12/05-14:46:23.582515 7fe5f6a71700 Options.compaction_options_universal.compression_size_percent: -1
2019/12/05-14:46:23.582519 7fe5f6a71700 Options.compaction_options_universal.stop_style: kCompactionStopStyleTotalSize
2019/12/05-14:46:23.582522 7fe5f6a71700 Options.compaction_options_fifo.max_table_files_size: 1073741824
2019/12/05-14:46:23.582527 7fe5f6a71700 Options.compaction_options_fifo.allow_compaction: 0
2019/12/05-14:46:23.582531 7fe5f6a71700 Options.compaction_options_fifo.ttl: 0
2019/12/05-14:46:23.582535 7fe5f6a71700                   Options.table_properties_collectors: 
2019/12/05-14:46:23.582539 7fe5f6a71700                   Options.inplace_update_support: 0
2019/12/05-14:46:23.582544 7fe5f6a71700                 Options.inplace_update_num_locks: 10000
2019/12/05-14:46:23.582548 7fe5f6a71700               Options.memtable_prefix_bloom_size_ratio: 0.000000
2019/12/05-14:46:23.582553 7fe5f6a71700   Options.memtable_huge_page_size: 0
2019/12/05-14:46:23.582557 7fe5f6a71700                           Options.bloom_locality: 0
2019/12/05-14:46:23.582563 7fe5f6a71700                    Options.max_successive_merges: 0
2019/12/05-14:46:23.582567 7fe5f6a71700                Options.optimize_filters_for_hits: 0
2019/12/05-14:46:23.582571 7fe5f6a71700                Options.paranoid_file_checks: 0
2019/12/05-14:46:23.582575 7fe5f6a71700                Options.force_consistency_checks: 0
2019/12/05-14:46:23.582578 7fe5f6a71700                Options.report_bg_io_stats: 0
2019/12/05-14:46:23.582581 7fe5f6a71700                               Options.ttl: 0
2019/12/05-14:46:23.582672 7fe5f6a71700 [/column_family.cc:474] --------------- Options for column family [transactions]:
2019/12/05-14:46:23.582685 7fe5f6a71700               Options.comparator: leveldb.BytewiseComparator
2019/12/05-14:46:23.582691 7fe5f6a71700           Options.merge_operator: None
2019/12/05-14:46:23.582697 7fe5f6a71700        Options.compaction_filter: None
2019/12/05-14:46:23.582702 7fe5f6a71700        Options.compaction_filter_factory: None
2019/12/05-14:46:23.582706 7fe5f6a71700         Options.memtable_factory: SkipListFactory
2019/12/05-14:46:23.582710 7fe5f6a71700            Options.table_factory: BlockBasedTable
2019/12/05-14:46:23.582774 7fe5f6a71700            table_factory options:   flush_block_policy_factory: FlushBlockBySizePolicyFactory (0x7fe5d800a380)
  cache_index_and_filter_blocks: 0
